40 61 0
71 53 1
64 55 1
56 57 1
49 59 1
42 61 0
73 53 1
65 55 1
58 57 1
50 59 1
43 61 0
74 53 1
67 55 1
59 58 1
52 60 1
45 61 0
75 53 1
68 56 1
61 58 1
53 60 1
46 62 0
77 54 1
69 56 1
62 59 1
54 61 1
47 63 0
78 54 1
70 57 1
63 59 1
55 62 1
48 63 0
79 55 1
71 58 1
64 60 1
56 62 1
49 64 1
41 66 0
72 58 1
65 60 1
57 62 1
50 64 1
42 66 0
73 58 1
66 60 1
58 62 1
51 64 1
43 66 0
74 58 1
67 60 1
59 62 1
51 64 1
44 66 0
75 58 1
67 60 1
60 63 1
52 64 1
45 66 0
76 58 1
68 61 1
60 63 1
53 65 1
45 67 0
76 58 1
69 61 1
61 63 1
54 65 1
46 67 0
77 59 1
69 61 1
62 64 1
54 66 1
46 67 0
77 59 1
70 62 1
62 64 1
55 66 1
47 68 0
78 60 1
70 62 1
63 65 1
55 67 1
47 68 0
78 60 1
71 63 1
63 65 1
55 67 1
48 69 0
78 61 1
71 64 1
63 66 1
55 68 1
48 70 1
40 71 0
71 63 1
63 65 1
56 67 1
48 69 0
79 61 1
71 64 1
63 66 1
