1.35 40 5.755 61 1 0 4981 0
1.50477 71 5.71424 53 2 1 4364 1
1.46809 64 5.72641 55 2 1 4519 1
1.43136 56 5.73719 57 2 1 4673 1
1.39463 49 5.74659 59 2 1 4828 1
1.35795 42 5.75463 61 1 0 4983 0
1.51265 73 5.71387 53 2 1 4366 1
1.4759 65 5.72632 55 2 1 4520 1
1.4391 58 5.73737 57 2 1 4675 1
1.40229 50 5.74705 59 2 1 4829 1
1.36552 43 5.75535 61 1 0 4984 0
1.52016 74 5.71459 53 2 1 4367 1
1.48332 67 5.7273 55 2 1 4522 1
1.44641 59 5.73861 58 2 1 4757 1
1.40949 52 5.74853 60 2 1 4912 1
1.3726 45 5.75707 61 1 0 4986 0
1.52718 75 5.7163 53 2 1 4368 1
1.49021 68 5.72924 56 2 1 4604 1
1.45318 61 5.74078 58 2 1 4759 1
1.41612 53 5.75092 60 2 1 4913 1
1.37909 46 5.75968 62 1 0 5068 0
1.53362 77 5.71889 54 2 1 4451 1
1.4965 69 5.73204 56 2 1 4605 1
1.45931 62 5.74378 59 2 1 4841 1
1.42209 54 5.75411 61 2 1 4995 1
1.3849 47 5.76306 63 1 0 5150 0
1.53938 78 5.72225 54 2 1 4452 1
1.50209 70 5.73557 57 2 1 4687 1
1.46473 63 5.74748 59 2 1 4842 1
1.42734 55 5.75798 62 2 1 5077 1
1.38997 48 5.76708 63 1 0 5151 0
1.54441 79 5.72624 55 2 1 4534 1
1.50694 71 5.73971 58 2 1 4769 1
1.4694 64 5.75175 60 2 1 4924 1
1.43182 56 5.76239 62 2 1 5078 1
1.39426 49 5.77161 64 2 1 5233 1
1.35676 41 5.77944 66 1 0 5387 0
1.51148 72 5.73851 58 2 1 4770 1
1.47393 65 5.75073 60 2 1 4925 1
1.43634 57 5.76153 62 2 1 5079 1
1.39877 50 5.77092 64 2 1 5234 1
1.36124 42 5.77891 66 1 0 5388 0
1.51592 73 5.73799 58 2 1 4771 1
1.47835 66 5.75036 60 2 1 4926 1
1.44073 58 5.76132 62 2 1 5080 1
1.40312 51 5.77087 64 2 1 5235 1
1.36556 43 5.77902 66 1 0 5389 0
1.5202 74 5.73809 58 2 1 4772 1
1.48258 67 5.75062 60 2 1 4927 1
1.44491 59 5.76172 62 2 1 5081 1
1.40725 51 5.77141 64 2 1 5235 1
1.36963 44 5.77971 66 1 0 5390 0
1.52423 75 5.73877 58 2 1 4773 1
1.48655 67 5.75144 60 2 1 4927 1
1.44882 60 5.76268 63 2 1 5163 1
1.41108 52 5.7725 64 2 1 5236 1
1.37339 45 5.78092 66 1 0 5391 0
1.52797 76 5.73997 58 2 1 4774 1
1.49021 68 5.75276 61 2 1 5009 1
1.4524 60 5.76412 63 2 1 5163 1
1.41458 53 5.77406 65 2 1 5318 1
1.37681 45 5.78258 67 1 0 5472 0
1.53135 76 5.74163 58 2 1 4774 1
1.49351 69 5.75452 61 2 1 5010 1
1.45561 61 5.76598 63 2 1 5164 1
1.4177 54 5.77602 65 2 1 5319 1
1.37983 46 5.78464 67 1 0 5473 0
1.53435 77 5.74368 59 2 1 4856 1
1.49641 69 5.75666 61 2 1 5010 1
1.45841 62 5.7682 64 2 1 5246 1
1.4204 54 5.77832 66 2 1 5400 1
1.38242 46 5.78702 67 1 0 5473 0
1.53693 77 5.74604 59 2 1 4856 1
1.49888 70 5.75909 62 2 1 5092 1
1.46078 62 5.77071 64 2 1 5246 1
1.42266 55 5.78089 66 2 1 5401 1
1.38458 47 5.78965 68 1 0 5555 0
1.53907 78 5.74865 60 2 1 4938 1
1.50092 70 5.76176 62 2 1 5092 1
1.4627 63 5.77343 65 2 1 5328 1
1.42448 55 5.78366 67 2 1 5482 1
1.38629 47 5.79246 68 1 0 5555 0
1.54076 78 5.75144 60 2 1 4938 1
1.5025 71 5.76459 63 2 1 5174 1
1.46418 63 5.77629 65 2 1 5328 1
1.42585 55 5.78655 67 2 1 5482 1
1.38755 48 5.79538 69 1 0 5637 0
1.54201 78 5.75433 61 2 1 5019 1
1.50365 71 5.7675 64 2 1 5255 1
1.46522 63 5.77922 66 2 1 5409 1
1.42678 55 5.78949 68 2 1 5563 1
1.38838 48 5.79833 70 2 1 5718 1
1.35006 40 5.80575 71 1 0 5791 0
1.50483 71 5.76464 63 2 1 5174 1
1.46648 63 5.77642 65 2 1 5328 1
1.42812 56 5.78676 67 2 1 5483 1
1.3898 48 5.79567 69 1 0 5637 0
1.54424 79 5.75462 61 2 1 5020 1
1.50584 71 5.76787 64 2 1 5255 1
1.46738 63 5.77966 66 2 1 5409 1
1.42891 56 5.79001 68 2 1 5564 1
1.39046 48 5.79892 70 2 1 5718 1
1.3521 40 5.80641 71 1 0 5791 0
1.50686 71 5.76528 63 2 1 5174 1
1.46847 64 5.77713 65 2 1 5329 1
1.43007 56 5.78754 68 2 1 5564 1
1.3917 48 5.79651 69 1 0 5637 0
1.54612 79 5.75546 61 2 1 5020 1
1.50768 72 5.76876 64 2 1 5256 1
1.46917 64 5.78061 66 2 1 5410 1
1.43065 56 5.79102 68 2 1 5564 1
1.39216 48 5.79998 70 2 1 5718 1
1.35375 41 5.80752 72 1 0 5873 0
1.50849 72 5.76639 63 2 1 5175 1
1.47005 64 5.77829 66 2 1 5410 1
1.43159 56 5.78874 68 2 1 5564 1
1.39317 49 5.79776 70 2 1 5719 1
1.35482 41 5.80535 71 1 0 5792 0
1.50955 72 5.76423 63 2 1 5175 1
1.47117 64 5.77619 65 2 1 5329 1
1.43278 57 5.78669 67 2 1 5484 1
1.39441 49 5.79577 69 2 1 5638 1
1.35611 41 5.80342 71 1 0 5792 0
1.51083 72 5.76232 62 2 1 5094 1
1.47251 65 5.77433 65 2 1 5330 1
1.43416 57 5.78489 67 2 1 5484 1
1.39583 49 5.79403 69 2 1 5638 1
1.35758 42 5.80175 70 1 0 5712 0
1.51229 72 5.76066 62 2 1 5094 1
1.474 65 5.77273 65 2 1 5330 1
1.43569 57 5.78336 67 2 1 5484 1
1.3974 49 5.79257 69 2 1 5638 1
1.35918 42 5.80035 70 1 0 5712 0
1.51388 73 5.75927 62 2 1 5095 1
1.47562 65 5.77141 64 2 1 5249 1
1.43734 57 5.78211 66 2 1 5403 1
1.39908 50 5.79138 68 2 1 5558 1
1.36088 42 5.79923 70 1 0 5712 0
1.51556 73 5.75816 62 2 1 5095 1
1.47733 65 5.77037 64 2 1 5249 1
1.43906 58 5.78114 66 2 1 5404 1
1.40081 50 5.79047 68 2 1 5558 1
1.36263 43 5.79839 70 1 0 5713 0
1.51729 73 5.75733 61 2 1 5014 1
1.47907 66 5.7696 64 2 1 5250 1
1.44081 58 5.78044 66 2 1 5404 1
1.40257 51 5.78984 68 2 1 5559 1
1.36439 43 5.79783 70 1 0 5713 0
1.51904 74 5.75677 61 2 1 5015 1
1.48082 66 5.76911 64 2 1 5250 1
1.44256 59 5.78001 66 2 1 5405 1
1.40432 51 5.78948 68 2 1 5559 1
1.36613 43 5.79753 70 1 0 5713 0
1.52077 74 5.75647 61 2 1 5015 1
1.48254 67 5.76888 64 2 1 5251 1
1.44427 59 5.77984 66 2 1 5405 1
1.40602 51 5.78937 68 2 1 5559 1
1.36782 44 5.79748 69 1 0 5633 0
1.52244 74 5.75642 61 2 1 5015 1
1.4842 67 5.76889 64 2 1 5251 1
1.44591 59 5.77991 66 2 1 5405 1
1.40764 52 5.7895 68 2 1 5560 1
1.36942 44 5.79766 70 1 0 5714 0
1.52403 75 5.7566 61 2 1 5016 1
1.48577 67 5.76912 64 2 1 5251 1
1.44746 59 5.7802 66 2 1 5405 1
1.40916 52 5.78984 68 2 1 5560 1
1.37092 44 5.79805 70 1 0 5714 0
1.52551 75 5.75699 61 2 1 5016 1
1.48722 67 5.76956 64 2 1 5251 1
1.44889 60 5.78068 66 2 1 5406 1
1.41056 52 5.79037 68 2 1 5560 1
1.37228 44 5.79863 70 1 0 5714 0
1.52687 75 5.75757 62 2 1 5097 1
1.48854 68 5.77018 64 2 1 5252 1
1.45018 60 5.78134 66 2 1 5406 1
1.41181 52 5.79107 68 2 1 5560 1
1.3735 45 5.79937 70 1 0 5715 0
1.52808 76 5.7583 62 2 1 5098 1
1.48972 68 5.77095 64 2 1 5252 1
1.45131 60 5.78215 66 2 1 5406 1
1.41291 53 5.79191 68 2 1 5561 1
1.37456 45 5.80024 70 1 0 5715 0
1.52913 76 5.75917 62 2 1 5098 1
1.49073 68 5.77185 64 2 1 5252 1
1.45229 60 5.78307 67 2 1 5487 1
1.41385 53 5.79286 69 2 1 5642 1
1.37546 45 5.80122 70 1 0 5715 0
1.53002 76 5.76014 62 2 1 5098 1
1.49158 68 5.77284 65 2 1 5333 1
1.45309 61 5.78409 67 2 1 5488 1
1.41461 53 5.7939 69 2 1 5642 1
1.37618 45 5.80228 70 1 0 5715 0
1.53073 76 5.76119 62 2 1 5098 1
1.49225 68 5.77391 65 2 1 5333 1
1.45373 61 5.78517 67 2 1 5488 1
1.4152 53 5.795 69 2 1 5642 1
1.37673 45 5.80339 71 2 1 5796 1
1.33835 38 5.81036 72 1 0 5870 0
1.49322 69 5.76921 64 2 1 5253 1
1.45484 61 5.78054 66 2 1 5407 1
1.41646 53 5.79044 68 2 1 5561 1
1.37812 46 5.79891 70 1 0 5716 0
1.53266 77 5.75784 62 2 1 5099 1
1.49427 69 5.77066 64 2 1 5253 1
1.45583 61 5.78202 66 2 1 5407 1
1.41739 53 5.79194 68 2 1 5561 1
1.379 46 5.80043 70 1 0 5716 0
1.53353 77 5.75935 62 2 1 5099 1
1.49508 69 5.77219 64 2 1 5253 1
1.45658 61 5.78357 67 2 1 5488 1
1.41809 54 5.7935 69 2 1 5643 1
1.37963 46 5.80201 70 1 0 5716 0
1.53416 77 5.76092 62 2 1 5099 1
1.49565 69 5.77376 65 2 1 5334 1
1.4571 61 5.78515 67 2 1 5488 1
1.41854 54 5.79509 69 2 1 5643 1
1.38004 46 5.8036 71 2 1 5797 1
1.34162 38 5.81068 72 1 0 5870 0
1.49646 69 5.76953 64 2 1 5253 1
1.45804 62 5.78098 66 2 1 5408 1
1.41961 54 5.79099 68 2 1 5562 1
1.38123 46 5.79956 70 1 0 5716 0
1.53574 77 5.75849 62 2 1 5099 1
1.4973 69 5.77141 64 2 1 5253 1
1.4588 62 5.78287 67 2 1 5489 1
1.42031 54 5.79289 69 2 1 5643 1
1.38186 46 5.80148 70 1 0 5716 0
1.53636 77 5.76039 62 2 1 5099 1
1.49785 70 5.77332 65 2 1 5335 1
1.45929 62 5.78478 67 2 1 5489 1
1.42073 54 5.79481 69 2 1 5643 1
1.38221 46 5.80339 71 2 1 5797 1
1.34378 39 5.81056 72 1 0 5871 0
1.4986 70 5.76941 64 2 1 5254 1
1.46016 62 5.78093 66 2 1 5408 1
1.42171 54 5.79101 68 2 1 5562 1
1.38331 47 5.79966 70 2 1 5717 1
1.34499 39 5.80689 71 1 0 5790 0
1.49981 70 5.76577 63 2 1 5173 1
1.46147 62 5.77736 65 2 1 5327 1
1.42313 55 5.78752 68 2 1 5563 1
1.38483 47 5.79625 69 1 0 5636 0
1.53931 78 5.7552 61 2 1 5019 1
1.50094 70 5.76827 64 2 1 5254 1
1.46252 63 5.77988 66 2 1 5409 1
1.42408 55 5.79006 68 2 1 5563 1
1.38569 47 5.7988 70 2 1 5717 1
1.34738 39 5.80612 71 1 0 5790 0
1.50217 70 5.765 63 2 1 5173 1
1.46384 63 5.77668 65 2 1 5328 1
1.4255 55 5.78693 67 2 1 5482 1
1.38719 47 5.79574 69 1 0 5636 0
1.54165 78 5.7547 61 2 1 5019 1
1.50328 71 5.76785 64 2 1 5255 1
1.46484 63 5.77955 66 2 1 5409 1
1.4264 55 5.78981 68 2 1 5563 1
1.38799 48 5.79864 70 2 1 5718 1
1.34966 40 5.80604 71 1 0 5791 0
1.50443 71 5.76492 63 2 1 5174 1
1.46608 63 5.77669 65 2 1 5328 1
1.42772 56 5.78701 67 2 1 5483 1
1.38939 48 5.7959 69 1 0 5637 0
1.54383 79 5.75485 61 2 1 5020 1
1.50543 71 5.76809 64 2 1 5255 1
1.46697 63 5.77986 66 2 1 5409 1
1.42849 56 5.79019 68 2 1 5564 1
1.39005 48 5.79909 70 2 1 5718 1
1.35168 40 5.80656 71 1 0 5791 0
1.50644 71 5.76544 63 2 1 5174 1
1.46806 64 5.77727 65 2 1 5329 1
1.42965 56 5.78766 68 2 1 5564 1
1.39128 48 5.79661 69 1 0 5637 0
1.54571 79 5.75556 61 2 1 5020 1
1.50727 71 5.76885 64 2 1 5255 1
1.46876 64 5.78069 66 2 1 5410 1
1.43024 56 5.79108 68 2 1 5564 1
1.39175 48 5.80003 70 2 1 5718 1
1.35334 41 5.80755 72 1 0 5873 0
1.50808 72 5.76642 63 2 1 5175 1
1.46965 64 5.7783 66 2 1 5410 1
1.4312 56 5.78874 68 2 1 5564 1
1.39278 49 5.79774 70 2 1 5719 1
1.35443 41 5.80532 71 1 0 5792 0
1.50917 72 5.76421 63 2 1 5175 1
1.47079 64 5.77614 65 2 1 5329 1
1.4324 56 5.78664 67 2 1 5483 1
1.39404 49 5.7957 69 2 1 5638 1
1.35575 41 5.80334 71 1 0 5792 0
1.51047 72 5.76224 62 2 1 5094 1
1.47215 64 5.77424 65 2 1 5329 1
1.43381 57 5.78479 67 2 1 5484 1
1.39549 49 5.79392 69 2 1 5638 1
1.35725 41 5.80162 70 1 0 5711 0
1.51196 72 5.76053 62 2 1 5094 1
1.47368 65 5.7726 65 2 1 5330 1
1.43538 57 5.78322 67 2 1 5484 1
1.3971 49 5.79241 68 2 1 5557 1
1.35888 42 5.80018 70 1 0 5712 0
1.51358 73 5.75911 62 2 1 5095 1
1.47533 65 5.77124 64 2 1 5249 1
1.43706 57 5.78193 66 2 1 5403 1
1.3988 50 5.79119 68 2 1 5558 1
1.36062 42 5.79903 70 1 0 5712 0
1.5153 73 5.75796 62 2 1 5095 1
1.47707 65 5.77016 64 2 1 5249 1
1.43882 58 5.78092 66 2 1 5404 1
1.40058 50 5.79025 68 2 1 5558 1
1.3624 42 5.79817 70 1 0 5712 0
1.51707 73 5.7571 61 2 1 5014 1
1.47886 66 5.76937 64 2 1 5250 1
1.44061 58 5.7802 66 2 1 5404 1
1.40238 50 5.7896 68 2 1 5558 1
1.36421 43 5.79758 70 1 0 5713 0
1.51886 74 5.75652 61 2 1 5015 1
1.48065 66 5.76886 64 2 1 5250 1
1.4424 58 5.77976 66 2 1 5404 1
1.40416 51 5.78922 68 2 1 5559 1
1.36599 43 5.79727 69 1 0 5632 0
1.52063 74 5.75621 61 2 1 5015 1
1.48241 66 5.76861 64 2 1 5250 1
1.44415 59 5.77957 66 2 1 5405 1
1.4059 51 5.7891 68 2 1 5559 1
1.36772 44 5.79721 69 1 0 5633 0
1.52234 74 5.75615 61 2 1 5015 1
1.48411 67 5.76862 64 2 1 5251 1
1.44583 59 5.77964 66 2 1 5405 1
1.40757 52 5.78923 68 2 1 5560 1
1.36936 44 5.79739 69 1 0 5633 0
1.52397 75 5.75633 61 2 1 5016 1
1.48571 67 5.76885 64 2 1 5251 1
1.44742 59 5.77993 66 2 1 5405 1
1.40913 52 5.78957 68 2 1 5560 1
1.37089 44 5.79779 70 1 0 5714 0
1.52549 75 5.75673 61 2 1 5016 1
1.4872 67 5.7693 64 2 1 5251 1
1.44888 60 5.78042 66 2 1 5406 1
1.41056 52 5.79011 68 2 1 5560 1
1.37229 44 5.79837 70 1 0 5714 0
1.52688 75 5.75731 61 2 1 5016 1
1.48856 68 5.76992 64 2 1 5252 1
1.4502 60 5.78109 66 2 1 5406 1
1.41185 52 5.79082 68 2 1 5560 1
1.37354 45 5.79913 70 1 0 5715 0
1.52812 76 5.75806 62 2 1 5098 1
1.48977 68 5.77071 64 2 1 5252 1
1.45137 60 5.78191 66 2 1 5406 1
1.41298 53 5.79168 68 2 1 5561 1
1.37464 45 5.80001 70 1 0 5715 0
1.5292 76 5.75894 62 2 1 5098 1
1.49081 68 5.77162 64 2 1 5252 1
1.45237 60 5.78286 67 2 1 5487 1
1.41394 53 5.79265 69 2 1 5642 1
1.37555 45 5.80101 70 1 0 5715 0
1.53011 76 5.75993 62 2 1 5098 1
1.49168 68 5.77264 65 2 1 5333 1
1.4532 61 5.78389 67 2 1 5488 1
1.41472 53 5.79371 69 2 1 5642 1
1.3763 45 5.80209 70 1 0 5715 0
1.53085 76 5.761 62 2 1 5098 1
1.49237 68 5.77373 65 2 1 5333 1
1.45385 61 5.785 67 2 1 5488 1
1.41533 53 5.79483 69 2 1 5642 1
1.37687 45 5.80322 71 2 1 5796 1
1.33849 38 5.8102 72 1 0 5870 0
1.49336 69 5.76905 64 2 1 5253 1
1.45498 61 5.7804 66 2 1 5407 1
1.41661 53 5.7903 68 2 1 5561 1
1.37827 46 5.79878 70 1 0 5716 0
1.53281 77 5.75771 62 2 1 5099 1
1.49442 69 5.77053 64 2 1 5253 1
1.45599 61 5.7819 66 2 1 5407 1
1.41755 54 5.79183 68 2 1 5562 1
1.37916 46 5.80032 70 1 0 5716 0
1.53369 77 5.75924 62 2 1 5099 1
1.49524 69 5.77208 64 2 1 5253 1
1.45674 61 5.78347 67 2 1 5488 1
1.41825 54 5.79341 69 2 1 5643 1
1.3798 46 5.80192 70 1 0 5716 0
1.53432 77 5.76083 62 2 1 5099 1
1.49582 69 5.77368 65 2 1 5334 1
1.45726 61 5.78508 67 2 1 5488 1
1.41871 54 5.79503 69 2 1 5643 1
1.3802 46 5.80354 71 2 1 5797 1
1.34179 38 5.81063 72 1 0 5870 0
1.49663 69 5.76948 64 2 1 5253 1
1.4582 62 5.78093 66 2 1 5408 1
1.41978 54 5.79095 68 2 1 5562 1
1.38139 46 5.79953 70 1 0 5716 0
1.5359 77 5.75846 62 2 1 5099 1
1.49746 69 5.77138 64 2 1 5253 1
1.45897 62 5.78285 67 2 1 5489 1
1.42047 54 5.79288 69 2 1 5643 1
1.38202 46 5.80147 70 1 0 5716 0
1.53652 77 5.76038 62 2 1 5099 1
1.49801 70 5.77331 65 2 1 5335 1
1.45945 62 5.78479 67 2 1 5489 1
1.42088 54 5.79481 69 2 1 5643 1
1.38236 46 5.80341 71 2 1 5797 1
1.34393 39 5.81057 72 1 0 5871 0
1.49875 70 5.76942 64 2 1 5254 1
1.46031 62 5.78095 66 2 1 5408 1
1.42186 54 5.79104 68 2 1 5562 1
1.38345 47 5.7997 70 2 1 5717 1
1.34513 39 5.80693 71 1 0 5790 0
1.49994 70 5.76581 63 2 1 5173 1
1.46161 62 5.77741 65 2 1 5327 1
1.42327 55 5.78757 68 2 1 5563 1
1.38496 47 5.7963 69 1 0 5636 0
1.53944 78 5.75525 61 2 1 5019 1
1.50107 70 5.76832 64 2 1 5254 1
1.46264 63 5.77994 66 2 1 5409 1
1.4242 55 5.79012 68 2 1 5563 1
1.3858 47 5.79886 70 2 1 5717 1
1.34749 39 5.80619 71 1 0 5790 0
1.50228 70 5.76507 63 2 1 5173 1
1.46395 63 5.77676 65 2 1 5328 1
1.4256 55 5.787 67 2 1 5482 1
1.38729 47 5.79582 69 1 0 5636 0
1.54175 78 5.75478 61 2 1 5019 1
1.50338 71 5.76793 64 2 1 5255 1
1.46494 63 5.77964 66 2 1 5409 1
1.42649 55 5.7899 68 2 1 5563 1
1.38807 48 5.79873 70 2 1 5718 1
1.34974 40 5.80613 71 1 0 5791 0
1.50451 71 5.76501 63 2 1 5174 1
1.46616 63 5.77678 65 2 1 5328 1
1.42779 56 5.78711 67 2 1 5483 1
1.38946 48 5.796 69 1 0 5637 0
1.5439 79 5.75495 61 2 1 5020 1
1.5055 71 5.76818 64 2 1 5255 1
1.46703 63 5.77996 66 2 1 5409 1
1.42855 56 5.79029 68 2 1 5564 1
1.3901 48 5.79919 70 2 1 5718 1
1.35174 40 5.80666 71 1 0 5791 0
1.50649 71 5.76554 63 2 1 5174 1
1.4681 64 5.77737 65 2 1 5329 1
1.4297 56 5.78776 68 2 1 5564 1
1.39132 48 5.79672 69 1 0 5637 0
1.54575 79 5.75567 61 2 1 5020 1
1.5073 71 5.76896 64 2 1 5255 1
1.46879 64 5.7808 66 2 1 5410 1
1.43027 56 5.79118 68 2 1 5564 1
1.39178 48 5.80013 70 2 1 5718 1
1.35336 41 5.80766 72 1 0 5873 0
1.5081 72 5.76653 63 2 1 5175 1
1.46967 64 5.77841 66 2 1 5410 1
1.43121 56 5.78885 68 2 1 5564 1
1.39279 49 5.79785 70 2 1 5719 1
1.35444 41 5.80543 71 1 0 5792 0
1.50917 72 5.76431 63 2 1 5175 1
1.4708 64 5.77625 65 2 1 5329 1
1.4324 56 5.78674 67 2 1 5483 1
1.39403 49 5.7958 69 2 1 5638 1
1.35574 41 5.80344 71 1 0 5792 0
1.51046 72 5.76234 62 2 1 5094 1
1.47214 64 5.77434 65 2 1 5329 1
1.43379 57 5.78489 67 2 1 5484 1
1.39547 49 5.79401 69 2 1 5638 1
1.35722 41 5.80172 70 1 0 5711 0
1.51194 72 5.76063 62 2 1 5094 1
1.47366 65 5.77269 65 2 1 5330 1
1.43535 57 5.78331 67 2 1 5484 1
1.39707 49 5.7925 69 2 1 5638 1
1.35885 42 5.80027 70 1 0 5712 0
1.51355 73 5.75919 62 2 1 5095 1
1.4753 65 5.77132 64 2 1 5249 1
1.43702 57 5.78201 66 2 1 5403 1
1.39877 50 5.79127 68 2 1 5558 1
1.36057 42 5.79911 70 1 0 5712 0
1.51526 73 5.75804 62 2 1 5095 1
1.47703 65 5.77024 64 2 1 5249 1
1.43877 58 5.781 66 2 1 5404 1
1.40053 50 5.79033 68 2 1 5558 1
1.36235 42 5.79824 70 1 0 5712 0
1.51702 73 5.75717 61 2 1 5014 1
1.47881 66 5.76944 64 2 1 5250 1
1.44056 58 5.78027 66 2 1 5404 1
1.40232 50 5.78967 68 2 1 5558 1
1.36415 43 5.79764 70 1 0 5713 0
1.5188 74 5.75658 61 2 1 5015 1
1.48059 66 5.76892 64 2 1 5250 1
1.44234 58 5.77981 66 2 1 5404 1
1.4041 51 5.78928 68 2 1 5559 1
1.36593 43 5.79732 69 1 0 5632 0
1.52057 74 5.75626 61 2 1 5015 1
1.48235 66 5.76866 64 2 1 5250 1
1.44409 59 5.77962 66 2 1 5405 1
1.40584 51 5.78915 68 2 1 5559 1
1.36765 44 5.79725 69 1 0 5633 0
1.52228 74 5.75619 61 2 1 5015 1
1.48404 67 5.76866 64 2 1 5251 1
1.44577 59 5.77967 66 2 1 5405 1
1.4075 52 5.78926 68 2 1 5560 1
1.36929 44 5.79742 69 1 0 5633 0
1.5239 75 5.75636 61 2 1 5016 1
1.48565 67 5.76888 64 2 1 5251 1
1.44735 59 5.77995 66 2 1 5405 1
1.40906 52 5.78959 68 2 1 5560 1
1.37082 44 5.79781 70 1 0 5714 0
1.52542 75 5.75675 61 2 1 5016 1
1.48714 67 5.76931 64 2 1 5251 1
1.44881 60 5.78044 66 2 1 5406 1
1.41049 52 5.79012 68 2 1 5560 1
1.37223 44 5.79838 70 1 0 5714 0
1.52681 75 5.75732 61 2 1 5016 1
1.4885 68 5.76993 64 2 1 5252 1
1.45014 60 5.7811 66 2 1 5406 1
1.41178 52 5.79082 68 2 1 5560 1
1.37348 45 5.79913 70 1 0 5715 0
1.52806 76 5.75806 62 2 1 5098 1
1.48971 68 5.77071 64 2 1 5252 1
1.45131 60 5.78191 66 2 1 5406 1
1.41292 53 5.79167 68 2 1 5561 1
1.37458 45 5.80001 70 1 0 5715 0
1.52914 76 5.75893 62 2 1 5098 1
1.49075 68 5.77161 64 2 1 5252 1
1.45231 60 5.78284 67 2 1 5487 1
1.41388 53 5.79263 69 2 1 5642 1
1.3755 45 5.801 70 1 0 5715 0
1.53006 76 5.75991 62 2 1 5098 1
1.49163 68 5.77262 65 2 1 5333 1
1.45315 61 5.78387 67 2 1 5488 1
1.41467 53 5.79369 69 2 1 5642 1
1.37625 45 5.80207 70 1 0 5715 0
1.5308 76 5.76098 62 2 1 5098 1
1.49233 68 5.7737 65 2 1 5333 1
1.45381 61 5.78497 67 2 1 5488 1
1.41529 53 5.7948 69 2 1 5642 1
1.37682 45 5.8032 71 2 1 5796 1
1.33845 38 5.81017 72 1 0 5870 0
1.49332 69 5.76902 64 2 1 5253 1
1.45494 61 5.78036 66 2 1 5407 1
1.41656 53 5.79027 68 2 1 5561 1
1.37823 46 5.79874 70 1 0 5716 0
1.53277 77 5.75767 62 2 1 5099 1
1.49439 69 5.77049 64 2 1 5253 1
1.45595 61 5.78186 66 2 1 5407 1
1.41751 54 5.79179 68 2 1 5562 1
1.37913 46 5.80029 70 1 0 5716 0
1.53365 77 5.75921 62 2 1 5099 1
1.49521 69 5.77205 64 2 1 5253 1
1.45672 61 5.78343 67 2 1 5488 1
1.41822 54 5.79337 69 2 1 5643 1
1.37977 46 5.80188 70 1 0 5716 0
1.5343 77 5.76079 62 2 1 5099 1
1.49579 69 5.77364 65 2 1 5334 1
1.45724 61 5.78504 67 2 1 5488 1
1.41869 54 5.79498 69 2 1 5643 1
1.38018 46 5.8035 71 2 1 5797 1
1.34177 38 5.81059 72 1 0 5870 0
1.49661 69 5.76944 64 2 1 5253 1
1.45819 62 5.78089 66 2 1 5408 1
1.41976 54 5.7909 68 2 1 5562 1
1.38138 46 5.79949 70 1 0 5716 0
1.53589 77 5.75841 62 2 1 5099 1
1.49745 69 5.77134 64 2 1 5253 1
1.45896 62 5.78281 67 2 1 5489 1
1.42046 54 5.79283 69 2 1 5643 1
1.38201 46 5.80143 70 1 0 5716 0
1.53651 77 5.76034 62 2 1 5099 1
1.498 70 5.77327 65 2 1 5335 1
1.45944 62 5.78475 67 2 1 5489 1
1.42088 54 5.79477 69 2 1 5643 1
1.38236 46 5.80336 71 2 1 5797 1
1.34393 39 5.81053 72 1 0 5871 0
1.49875 70 5.76938 64 2 1 5254 1
1.46031 62 5.78091 66 2 1 5408 1
1.42186 54 5.791 68 2 1 5562 1
1.38346 47 5.79966 70 2 1 5717 1
1.34514 39 5.80689 71 1 0 5790 0
1.49995 70 5.76577 63 2 1 5173 1
1.46162 62 5.77737 65 2 1 5327 1
1.42327 55 5.78753 68 2 1 5563 1
1.38497 47 5.79626 69 1 0 5636 0
1.53945 78 5.75521 61 2 1 5019 1
1.50108 70 5.76828 64 2 1 5254 1
1.46265 63 5.77991 66 2 1 5409 1
1.42422 55 5.79008 68 2 1 5563 1
1.38582 47 5.79883 70 2 1 5717 1
1.3475 40 5.80615 71 1 0 5791 0
1.5023 70 5.76503 63 2 1 5173 1
1.46396 63 5.77672 65 2 1 5328 1
1.42562 55 5.78697 67 2 1 5482 1
1.38731 47 5.79579 69 1 0 5636 0
1.54177 78 5.75474 61 2 1 5019 1
1.50339 71 5.7679 64 2 1 5255 1
1.46496 63 5.77961 66 2 1 5409 1
1.42651 55 5.78987 68 2 1 5563 1
1.38809 48 5.7987 70 2 1 5718 1
1.34976 40 5.80611 71 1 0 5791 0
1.50454 71 5.76499 63 2 1 5174 1
1.46618 63 5.77675 65 2 1 5328 1
1.42782 56 5.78708 67 2 1 5483 1
1.38948 48 5.79598 69 1 0 5637 0
1.54392 79 5.75493 61 2 1 5020 1
1.50552 71 5.76816 64 2 1 5255 1
1.46705 63 5.77994 66 2 1 5409 1
1.42857 56 5.79027 68 2 1 5564 1
1.39013 48 5.79917 70 2 1 5718 1
1.35176 40 5.80665 71 1 0 5791 0
1.50652 71 5.76552 63 2 1 5174 1
1.46813 64 5.77736 65 2 1 5329 1
1.42972 56 5.78775 68 2 1 5564 1
1.39135 48 5.7967 69 1 0 5637 0
1.54577 79 5.75565 61 2 1 5020 1
1.50733 71 5.76895 64 2 1 5255 1
1.46882 64 5.78078 66 2 1 5410 1
1.43029 56 5.79117 68 2 1 5564 1
1.3918 48 5.80012 70 2 1 5718 1
1.35339 41 5.80765 72 1 0 5873 0
1.50813 72 5.76652 63 2 1 5175 1
1.46969 64 5.7784 66 2 1 5410 1
1.43124 56 5.78884 68 2 1 5564 1
1.39281 49 5.79784 70 2 1 5719 1
1.35446 41 5.80542 71 1 0 5792 0
1.5092 72 5.76431 63 2 1 5175 1
1.47082 64 5.77624 65 2 1 5329 1
1.43243 56 5.78674 67 2 1 5483 1
1.39406 49 5.7958 69 2 1 5638 1
1.35576 41 5.80344 71 1 0 5792 0
1.51049 72 5.76234 62 2 1 5094 1
1.47216 64 5.77433 65 2 1 5329 1
1.43382 57 5.78489 67 2 1 5484 1
1.3955 49 5.79401 69 2 1 5638 1
1.35725 41 5.80172 70 1 0 5711 0
1.51196 72 5.76063 62 2 1 5094 1
1.47368 65 5.77269 65 2 1 5330 1
1.43537 57 5.78331 67 2 1 5484 1
1.39709 49 5.7925 69 2 1 5638 1
1.35887 42 5.80028 70 1 0 5712 0
1.51357 73 5.7592 62 2 1 5095 1
1.47532 65 5.77133 64 2 1 5249 1
1.43704 57 5.78202 66 2 1 5403 1
1.39879 50 5.79128 68 2 1 5558 1
1.3606 42 5.79912 70 1 0 5712 0
1.51528 73 5.75805 62 2 1 5095 1
1.47705 65 5.77025 64 2 1 5249 1
1.43879 58 5.78101 66 2 1 5404 1
1.40055 50 5.79034 68 2 1 5558 1
1.36237 42 5.79825 70 1 0 5712 0
1.51704 73 5.75718 61 2 1 5014 1
1.47882 66 5.76945 64 2 1 5250 1
1.44058 58 5.78028 66 2 1 5404 1
1.40234 50 5.78968 68 2 1 5558 1
1.36417 43 5.79765 70 1 0 5713 0
1.51882 74 5.75659 61 2 1 5015 1
1.48061 66 5.76893 64 2 1 5250 1
1.44236 58 5.77983 66 2 1 5404 1
1.40412 51 5.78929 68 2 1 5559 1
1.36594 43 5.79733 69 1 0 5632 0
1.52058 74 5.75628 61 2 1 5015 1
1.48236 66 5.76868 64 2 1 5250 1
1.4441 59 5.77963 66 2 1 5405 1
1.40585 51 5.78916 68 2 1 5559 1
1.36766 44 5.79727 69 1 0 5633 0
1.52229 74 5.75621 61 2 1 5015 1
1.48405 67 5.76867 64 2 1 5251 1
1.44578 59 5.77969 66 2 1 5405 1
1.40751 52 5.78927 68 2 1 5560 1
1.3693 44 5.79744 69 1 0 5633 0
1.52391 75 5.75638 61 2 1 5016 1
1.48566 67 5.7689 64 2 1 5251 1
1.44736 59 5.77997 66 2 1 5405 1
1.40907 52 5.78961 68 2 1 5560 1
1.37083 44 5.79782 70 1 0 5714 0
1.52543 75 5.75676 61 2 1 5016 1
1.48715 67 5.76933 64 2 1 5251 1
1.44882 60 5.78045 66 2 1 5406 1
1.4105 52 5.79014 68 2 1 5560 1
1.37223 44 5.7984 70 1 0 5714 0
1.52682 75 5.75734 61 2 1 5016 1
1.4885 68 5.76995 64 2 1 5252 1
1.45014 60 5.78111 66 2 1 5406 1
1.41179 52 5.79084 68 2 1 5560 1
1.37348 45 5.79914 70 1 0 5715 0
1.52806 76 5.75807 62 2 1 5098 1
1.48971 68 5.77072 64 2 1 5252 1
1.45131 60 5.78192 66 2 1 5406 1
1.41292 53 5.79169 68 2 1 5561 1
1.37458 45 5.80002 70 1 0 5715 0
1.52914 76 5.75895 62 2 1 5098 1
1.49075 68 5.77163 64 2 1 5252 1
1.45231 60 5.78286 67 2 1 5487 1
1.41388 53 5.79265 69 2 1 5642 1
1.3755 45 5.80101 70 1 0 5715 0
1.53006 76 5.75993 62 2 1 5098 1
1.49162 68 5.77264 65 2 1 5333 1
1.45314 61 5.78389 67 2 1 5488 1
1.41467 53 5.7937 69 2 1 5642 1
1.37624 45 5.80208 70 1 0 5715 0
1.5308 76 5.76099 62 2 1 5098 1
1.49232 68 5.77372 65 2 1 5333 1
1.4538 61 5.78499 67 2 1 5488 1
1.41528 53 5.79482 69 2 1 5642 1
1.37682 45 5.80321 71 2 1 5796 1
1.33844 38 5.81018 72 1 0 5870 0
1.49331 69 5.76904 64 2 1 5253 1
1.45494 61 5.78038 66 2 1 5407 1
1.41656 53 5.79028 68 2 1 5561 1
1.37823 46 5.79875 70 1 0 5716 0
1.53276 77 5.75769 62 2 1 5099 1
1.49438 69 5.77051 64 2 1 5253 1
1.45594 61 5.78187 66 2 1 5407 1
1.41751 54 5.7918 68 2 1 5562 1
1.37912 46 5.8003 70 1 0 5716 0
1.53365 77 5.75922 62 2 1 5099 1
1.4952 69 5.77206 64 2 1 5253 1
1.45671 61 5.78344 67 2 1 5488 1
1.41821 54 5.79338 69 2 1 5643 1
1.37976 46 5.80189 70 1 0 5716 0
1.53429 77 5.7608 62 2 1 5099 1
1.49578 69 5.77365 65 2 1 5334 1
1.45723 61 5.78504 67 2 1 5488 1
1.41868 54 5.79499 69 2 1 5643 1
1.38017 46 5.8035 71 2 1 5797 1
1.34176 38 5.81059 72 1 0 5870 0
1.4966 69 5.76944 64 2 1 5253 1
1.45818 62 5.7809 66 2 1 5408 1
1.41975 54 5.79091 68 2 1 5562 1
1.38137 46 5.79949 70 1 0 5716 0
1.53588 77 5.75842 62 2 1 5099 1
1.49744 69 5.77134 64 2 1 5253 1
1.45895 62 5.78281 67 2 1 5489 1
1.42045 54 5.79284 69 2 1 5643 1
1.382 46 5.80143 70 1 0 5716 0
1.5365 77 5.76034 62 2 1 5099 1
1.49799 70 5.77327 65 2 1 5335 1
1.45943 62 5.78475 67 2 1 5489 1
1.42087 54 5.79478 69 2 1 5643 1
1.38235 46 5.80337 71 2 1 5797 1
1.34392 39 5.81054 72 1 0 5871 0
1.49874 70 5.76938 64 2 1 5254 1
1.4603 62 5.78091 66 2 1 5408 1
1.42185 54 5.791 68 2 1 5562 1
1.38345 47 5.79966 70 2 1 5717 1
1.34513 39 5.80689 71 1 0 5790 0
1.49994 70 5.76577 63 2 1 5173 1
1.46161 62 5.77737 65 2 1 5327 1
1.42326 55 5.78753 68 2 1 5563 1
1.38496 47 5.79626 69 1 0 5636 0
1.53944 78 5.75521 61 2 1 5019 1
1.50107 70 5.76828 64 2 1 5254 1
1.46264 63 5.7799 66 2 1 5409 1
1.42421 55 5.79008 68 2 1 5563 1
1.38581 47 5.79883 70 2 1 5717 1
1.3475 39 5.80615 71 1 0 5790 0
1.50229 70 5.76503 63 2 1 5173 1
1.46395 63 5.77672 65 2 1 5328 1
1.42561 55 5.78697 67 2 1 5482 1
1.3873 47 5.79579 69 1 0 5636 0
1.54176 78 5.75474 61 2 1 5019 1
1.50339 71 5.7679 64 2 1 5255 1
1.46495 63 5.77961 66 2 1 5409 1
1.4265 55 5.78987 68 2 1 5563 1
1.38809 48 5.79869 70 2 1 5718 1
1.34976 40 5.8061 71 1 0 5791 0
1.50453 71 5.76498 63 2 1 5174 1
1.46618 63 5.77675 65 2 1 5328 1
1.42781 56 5.78708 67 2 1 5483 1
1.38947 48 5.79597 69 1 0 5637 0
1.54392 79 5.75492 61 2 1 5020 1
1.50551 71 5.76816 64 2 1 5255 1
1.46705 63 5.77994 66 2 1 5409 1
1.42857 56 5.79027 68 2 1 5564 1
1.39012 48 5.79917 70 2 1 5718 1
1.35176 40 5.80664 71 1 0 5791 0
1.50651 71 5.76552 63 2 1 5174 1
1.46812 64 5.77735 65 2 1 5329 1
1.42972 56 5.78774 68 2 1 5564 1
1.39134 48 5.7967 69 1 0 5637 0
1.54577 79 5.75565 61 2 1 5020 1
1.50732 71 5.76894 64 2 1 5255 1
1.46882 64 5.78078 66 2 1 5410 1
1.43029 56 5.79116 68 2 1 5564 1
1.3918 48 5.80012 70 2 1 5718 1
1.35338 41 5.80764 72 1 0 5873 0
1.50813 72 5.76651 63 2 1 5175 1
1.46969 64 5.77839 66 2 1 5410 1
1.43123 56 5.78883 68 2 1 5564 1
1.39281 49 5.79783 70 2 1 5719 1
1.35446 41 5.80541 71 1 0 5792 0
1.50919 72 5.7643 63 2 1 5175 1
1.47082 64 5.77624 65 2 1 5329 1
1.43242 56 5.78673 67 2 1 5483 1
1.39406 49 5.79579 69 2 1 5638 1
1.35576 41 5.80343 71 1 0 5792 0
1.51049 72 5.76233 62 2 1 5094 1
1.47216 64 5.77433 65 2 1 5329 1
1.43382 57 5.78488 67 2 1 5484 1
1.3955 49 5.79401 69 2 1 5638 1
1.35725 41 5.80171 70 1 0 5711 0
1.51196 72 5.76062 62 2 1 5094 1
1.47368 65 5.77269 65 2 1 5330 1
1.43537 57 5.78331 67 2 1 5484 1
1.39709 49 5.7925 68 2 1 5557 1
1.35887 42 5.80027 70 1 0 5712 0
1.51357 73 5.75919 62 2 1 5095 1
1.47532 65 5.77132 64 2 1 5249 1
1.43705 57 5.78201 66 2 1 5403 1
1.39879 50 5.79127 68 2 1 5558 1
1.3606 42 5.79911 70 1 0 5712 0
1.51528 73 5.75804 62 2 1 5095 1
1.47705 65 5.77024 64 2 1 5249 1
1.43879 58 5.781 66 2 1 5404 1
1.40055 50 5.79033 68 2 1 5558 1
1.36238 42 5.79824 70 1 0 5712 0
1.51704 73 5.75718 61 2 1 5014 1
1.47883 66 5.76945 64 2 1 5250 1
1.44058 58 5.78027 66 2 1 5404 1
1.40234 50 5.78967 68 2 1 5558 1
1.36417 43 5.79765 70 1 0 5713 0
1.51882 74 5.75659 61 2 1 5015 1
1.48061 66 5.76893 64 2 1 5250 1
1.44236 58 5.77982 66 2 1 5404 1
1.40412 51 5.78928 68 2 1 5559 1
1.36595 43 5.79733 69 1 0 5632 0
1.52058 74 5.75627 61 2 1 5015 1
1.48236 66 5.76867 64 2 1 5250 1
1.4441 59 5.77963 66 2 1 5405 1
1.40586 51 5.78916 68 2 1 5559 1
1.36767 44 5.79726 69 1 0 5633 0
1.52229 74 5.75621 61 2 1 5015 1
1.48406 67 5.76867 64 2 1 5251 1
1.44578 59 5.77969 66 2 1 5405 1
1.40752 52 5.78927 68 2 1 5560 1
1.36931 44 5.79743 69 1 0 5633 0
1.52392 75 5.75638 61 2 1 5016 1
1.48566 67 5.76889 64 2 1 5251 1
1.44736 59 5.77997 66 2 1 5405 1
1.40907 52 5.7896 68 2 1 5560 1
1.37084 44 5.79782 70 1 0 5714 0
1.52543 75 5.75676 61 2 1 5016 1
1.48715 67 5.76933 64 2 1 5251 1
1.44882 60 5.78045 66 2 1 5406 1
1.4105 52 5.79014 68 2 1 5560 1
1.37224 44 5.7984 70 1 0 5714 0
1.52682 75 5.75733 61 2 1 5016 1
1.48851 68 5.76995 64 2 1 5252 1
1.45015 60 5.78111 66 2 1 5406 1
1.41179 52 5.79084 68 2 1 5560 1
1.37349 45 5.79914 70 1 0 5715 0
1.52806 76 5.75807 62 2 1 5098 1
1.48971 68 5.77072 64 2 1 5252 1
1.45131 60 5.78192 66 2 1 5406 1
1.41292 53 5.79169 68 2 1 5561 1
1.37458 45 5.80002 70 1 0 5715 0
1.52915 76 5.75895 62 2 1 5098 1
1.49075 68 5.77163 64 2 1 5252 1
1.45232 60 5.78286 67 2 1 5487 1
1.41388 53 5.79265 69 2 1 5642 1
1.3755 45 5.80101 70 1 0 5715 0
1.53006 76 5.75993 62 2 1 5098 1
1.49163 68 5.77264 65 2 1 5333 1
1.45315 61 5.78389 67 2 1 5488 1
1.41467 53 5.7937 69 2 1 5642 1
1.37625 45 5.80208 70 1 0 5715 0
1.5308 76 5.76099 62 2 1 5098 1
1.49232 68 5.77372 65 2 1 5333 1
1.4538 61 5.78499 67 2 1 5488 1
1.41529 53 5.79482 69 2 1 5642 1
1.37682 45 5.80321 71 2 1 5796 1
1.33845 38 5.81018 72 1 0 5870 0
1.49332 69 5.76904 64 2 1 5253 1
1.45494 61 5.78038 66 2 1 5407 1
1.41656 53 5.79028 68 2 1 5561 1
1.37823 46 5.79876 70 1 0 5716 0
1.53277 77 5.75769 62 2 1 5099 1
1.49438 69 5.77051 64 2 1 5253 1
1.45595 61 5.78188 66 2 1 5407 1
1.41751 54 5.7918 68 2 1 5562 1
1.37912 46 5.8003 70 1 0 5716 0
1.53365 77 5.75922 62 2 1 5099 1
1.4952 69 5.77206 64 2 1 5253 1
1.45671 61 5.78344 67 2 1 5488 1
1.41821 54 5.79338 69 2 1 5643 1
1.37977 46 5.80189 70 1 0 5716 0
1.53429 77 5.7608 62 2 1 5099 1
1.49579 69 5.77365 65 2 1 5334 1
1.45723 61 5.78505 67 2 1 5488 1
1.41868 54 5.79499 69 2 1 5643 1
1.38017 46 5.80351 71 2 1 5797 1
1.34176 38 5.8106 72 1 0 5870 0
1.4966 69 5.76945 64 2 1 5253 1
1.45818 62 5.7809 66 2 1 5408 1
1.41975 54 5.79091 68 2 1 5562 1
1.38137 46 5.7995 70 1 0 5716 0
1.53588 77 5.75842 62 2 1 5099 1
1.49744 69 5.77135 64 2 1 5253 1
1.45895 62 5.78282 67 2 1 5489 1
1.42045 54 5.79284 69 2 1 5643 1
1.382 46 5.80143 70 1 0 5716 0
1.5365 77 5.76035 62 2 1 5099 1
1.49799 70 5.77328 65 2 1 5335 1
1.45943 62 5.78475 67 2 1 5489 1
1.42087 54 5.79478 69 2 1 5643 1
1.38235 46 5.80337 71 2 1 5797 1
1.34392 39 5.81054 72 1 0 5871 0
1.49874 70 5.76939 64 2 1 5254 1
1.4603 62 5.78092 66 2 1 5408 1
1.42185 54 5.791 68 2 1 5562 1
1.38345 47 5.79966 70 2 1 5717 1
1.34513 39 5.8069 71 1 0 5790 0
1.49994 70 5.76577 63 2 1 5173 1
1.46161 62 5.77737 65 2 1 5327 1
1.42326 55 5.78753 68 2 1 5563 1
1.38496 47 5.79626 69 1 0 5636 0
1.53944 78 5.75521 61 2 1 5019 1
1.50107 70 5.76829 64 2 1 5254 1
1.46264 63 5.77991 66 2 1 5409 1
1.42421 55 5.79008 68 2 1 5563 1
1.38581 47 5.79883 70 2 1 5717 1
1.34749 39 5.80615 71 1 0 5790 0
1.50229 70 5.76503 63 2 1 5173 1
1.46395 63 5.77672 65 2 1 5328 1
1.42561 55 5.78697 67 2 1 5482 1
1.3873 47 5.79579 69 1 0 5636 0
1.54176 78 5.75474 61 2 1 5019 1
1.50338 71 5.7679 64 2 1 5255 1
1.46495 63 5.77961 66 2 1 5409 1
1.4265 55 5.78987 68 2 1 5563 1
1.38809 48 5.7987 70 2 1 5718 1
1.34975 40 5.8061 71 1 0 5791 0
1.50453 71 5.76498 63 2 1 5174 1
1.46618 63 5.77675 65 2 1 5328 1
1.42781 56 5.78708 67 2 1 5483 1
1.38947 48 5.79597 69 1 0 5637 0
1.54392 79 5.75493 61 2 1 5020 1
1.50551 71 5.76816 64 2 1 5255 1
1.46705 63 5.77994 66 2 1 5409 1
1.42857 56 5.79027 68 2 1 5564 1
1.39012 48 5.79917 70 2 1 5718 1
1.35175 40 5.80664 71 1 0 5791 0
1.50651 71 5.76552 63 2 1 5174 1
1.46812 64 5.77735 65 2 1 5329 1
1.42972 56 5.78774 68 2 1 5564 1
1.39134 48 5.7967 69 1 0 5637 0
1.54577 79 5.75565 61 2 1 5020 1
1.50732 71 5.76894 64 2 1 5255 1
1.46881 64 5.78078 66 2 1 5410 1
1.43029 56 5.79117 68 2 1 5564 1
1.3918 48 5.80012 70 2 1 5718 1
1.35338 41 5.80764 72 1 0 5873 0
1.50813 72 5.76651 63 2 1 5175 1
1.46969 64 5.7784 66 2 1 5410 1
1.43123 56 5.78883 68 2 1 5564 1
1.39281 49 5.79784 70 2 1 5719 1
1.35446 41 5.80541 71 1 0 5792 0
1.50919 72 5.7643 63 2 1 5175 1
1.47082 64 5.77624 65 2 1 5329 1
1.43242 56 5.78673 67 2 1 5483 1
1.39406 49 5.79579 69 2 1 5638 1
1.35576 41 5.80343 71 1 0 5792 0
1.51048 72 5.76233 62 2 1 5094 1
1.47216 64 5.77433 65 2 1 5329 1
1.43382 57 5.78488 67 2 1 5484 1
1.3955 49 5.79401 69 2 1 5638 1
1.35725 41 5.80171 70 1 0 5711 0
1.51196 72 5.76062 62 2 1 5094 1
1.47368 65 5.77269 65 2 1 5330 1
1.43537 57 5.78331 67 2 1 5484 1
1.39709 49 5.7925 68 2 1 5557 1
1.35887 42 5.80027 70 1 0 5712 0
1.51357 73 5.75919 62 2 1 5095 1
1.47532 65 5.77132 64 2 1 5249 1
1.43704 57 5.78201 66 2 1 5403 1
1.39879 50 5.79127 68 2 1 5558 1
1.3606 42 5.79911 70 1 0 5712 0
1.51528 73 5.75804 62 2 1 5095 1
1.47705 65 5.77024 64 2 1 5249 1
1.43879 58 5.781 66 2 1 5404 1
1.40055 50 5.79033 68 2 1 5558 1
1.36237 42 5.79824 70 1 0 5712 0
1.51704 73 5.75718 61 2 1 5014 1
1.47883 66 5.76945 64 2 1 5250 1
1.44058 58 5.78027 66 2 1 5404 1
1.40234 50 5.78967 68 2 1 5558 1
1.36417 43 5.79765 70 1 0 5713 0
1.51882 74 5.75659 61 2 1 5015 1
1.48061 66 5.76893 64 2 1 5250 1
1.44236 58 5.77982 66 2 1 5404 1
1.40412 51 5.78928 68 2 1 5559 1
1.36594 43 5.79733 69 1 0 5632 0
1.52058 74 5.75627 61 2 1 5015 1
1.48236 66 5.76867 64 2 1 5250 1
1.4441 59 5.77963 66 2 1 5405 1
1.40586 51 5.78916 68 2 1 5559 1
1.36767 44 5.79726 69 1 0 5633 0
1.52229 74 5.7562 61 2 1 5015 1
1.48405 67 5.76867 64 2 1 5251 1
1.44578 59 5.77968 66 2 1 5405 1
1.40751 52 5.78927 68 2 1 5560 1
1.3693 44 5.79743 69 1 0 5633 0
1.52392 75 5.75637 61 2 1 5016 1
1.48566 67 5.76889 64 2 1 5251 1
1.44736 59 5.77997 66 2 1 5405 1
1.40907 52 5.7896 68 2 1 5560 1
1.37084 44 5.79782 70 1 0 5714 0
1.52543 75 5.75676 61 2 1 5016 1
1.48715 67 5.76933 64 2 1 5251 1
