x[0] x[1] x[2] u[0] u[1] 
0.6 0.6 0 -0.9 -0.9
0.306516 0.721367 0.340243 0.9 0.9
0.458271 1.00035 0.680485 0.9 0.9
0.508225 1.31399 1.02073 0.9 0.9
0.45065 1.62631 1.36097 0.9 0.6
0.390656 1.90488 1.54569 0.9 0.3
0.344419 2.17407 1.62921 0.9 0.3
0.275887 2.43846 1.71273 0.9 -0.6
0.35464 2.71232 1.52801 0.9 0.3
0.313168 2.98228 1.61153 0.9 0.3
0.249319 3.24785 1.69505 0.9 -0.6
0.3329 3.52027 1.51034 0.9 0.3
0.296206 3.79092 1.59386 0.9 -0.6
0.406881 4.0535 1.40914 0.9 0.6
0.333544 4.32886 1.59386 0.9 0.3
0.274399 4.59551 1.67738 0.9 -0.6
0.362782 4.86641 1.49266 0.9 0.6
0.266729 5.13469 1.67738 0.9 -0.6
0.355112 5.40559 1.49266 0.9 0.6
0.259059 5.67387 1.67738 0.9 -0.6
0.347442 5.94477 1.49266 0.9 0.6
0.251389 6.21304 1.67738 0.9 -0.6
0.339772 6.48395 1.49266 0.9 0.6
0.24372 6.75222 1.67738 0.9 -0.6
0.332103 7.02312 1.49266 0.9 0.6
0.23605 7.2914 1.67738 0.9 -0.6
0.324433 7.5623 1.49266 0.9 0.6
0.22838 7.83058 1.67738 0.9 -0.6
0.316763 8.10148 1.49266 0.9 -0.6
0.453399 8.35154 1.30794 0.9 -0.6
0.633638 8.57225 1.12323 0.9 0.9
0.544407 8.87704 1.46347 0.9 -0.6
0.688283 9.12301 1.27875 0.9 -0.9
0.959633 9.28803 0.938511 0.9 -0.9
1.2705 9.35304 0.598268 0.9 -0.9
1.58523 9.31058 0.258025 -0.6 0.9
1.4238 9.1727 0.031197 0.6 -0.9
1.59352 9.04516 -0.195631 0.6 -0.9
1.7302 8.88272 -0.42246 -0.9 0.9
1.41276 8.89236 -0.762703 0.9 -0.6
1.52008 8.62838 -0.94742 0.9 -0.9
1.48553 8.31268 -1.28766 0.9 0.3
1.61126 8.07021 -1.20414 0.9 -0.9
1.49768 7.77362 -1.54438 0.9 0.3
1.55772 7.50717 -1.46086 0.9 -0.6
1.47025 7.23597 -1.64558 0.9 0.3
1.50306 6.96482 -1.56206 0.9 -0.6
1.38864 6.70385 -1.74678 0.9 0.9
1.55636 6.43416 -1.40653 0.9 0.3
1.65244 6.17849 -1.32301 0.9 0.3
1.76952 5.93172 -1.23949 0.9 0.3
1.90678 5.69559 -1.15597 0.9 0.9
2.19629 5.56504 -0.815729 0.9 0.9
2.51278 5.5386 -0.475486 0.9 0.9
2.81995 5.61928 -0.135243 0.9 0.9
3.08258 5.79785 0.204999 -0.9 -0.9
2.77054 5.85693 0.545242 0.9 0.9
2.86232 6.16097 0.885485 0.9 0.9
2.84738 6.47821 1.22573 0.9 0.9
2.72743 6.77227 1.56597 0.9 0.3
2.67575 7.04047 1.64949 0.9 -0.6
2.77165 7.3088 1.46477 0.9 0.6
2.68312 7.57965 1.64949 0.9 -0.6
2.77902 7.84798 1.46477 0.9 0.6
2.69048 8.11883 1.64949 0.9 -0.6
2.78639 8.38716 1.46477 0.9 -0.6
2.92994 8.63332 1.28006 0.9 0.9
2.7942 8.92044 1.6203 0.9 -0.9
2.9946 9.16681 1.28006 0.9 -0.9
3.26574 9.33219 0.939814 0.9 -0.9
3.57652 9.3976 0.599572 0.9 -0.9
3.89131 9.35555 0.259329 -0.6 0.9
3.73006 9.21746 0.0325005 0.6 -0.9
3.89994 9.09015 -0.194328 0.9 -0.9
4.09064 8.83619 -0.534571 0.9 -0.9
4.18567 8.53315 -0.874813 0.9 -0.9
4.17412 8.21577 -1.21506 0.9 -0.9
4.05731 7.92044 -1.5553 0.9 -0.6
3.94466 7.6587 -1.74002 0.9 -0.3
3.84731 7.40351 -1.82354 0.9 0.9
3.99386 7.12176 -1.48329 0.9 -0.6
3.90032 6.85259 -1.66801 0.9 -0.6
3.75894 6.60518 -1.85273 0.9 0.9
3.8972 6.31927 -1.51248 0.9 0.3
3.96571 6.05487 -1.42896 0.9 -0.6
3.88693 5.78102 -1.61368 0.9 0.3
3.92837 5.51106 -1.53016 0.9 -0.6
3.82233 5.24657 -1.71488 0.9 0.9
3.99857 4.98237 -1.37463 0.9 -0.6
3.93478 4.70465 -1.55935 0.9 -0.6
3.82106 4.44337 -1.74407 0.9 0.9
3.98952 4.17413 -1.40383 0.9 -0.6
3.91764 3.89839 -1.58854 0.9 -0.6
3.79635 3.64054 -1.77326 0.9 0.9
3.95687 3.36651 -1.43302 0.9 -0.6
3.87698 3.09298 -1.61773 0.9 0.3
3.91733 2.82285 -1.53421 0.9 -0.6
3.81022 2.55879 -1.71893 0.9 0.9
3.98539 2.29388 -1.37869 0.9 -0.6
3.92047 2.01642 -1.5634 0.9 -0.6
3.80569 1.7556 -1.74812 0.9 0.9
3.97306 1.48569 -1.40788 0.9 0.3
4.06879 1.22989 -1.32436 0.9 0.3
4.18554 0.982968 -1.24084 0.9 0.3
4.32248 0.746644 -1.15732 0.9 0.9
4.61182 0.61571 -0.817073 0.9 0.9
4.92827 0.58884 -0.476831 0.9 0.9
5.23554 0.669114 -0.136588 0.9 0.9
5.49842 0.84733 0.203655 -0.9 -0.9
5.18645 0.906831 0.543898 0.9 0.9
5.27865 1.21074 0.88414 0.9 0.9
5.26413 1.528 1.22438 0.9 0.9
5.14458 1.82223 1.56463 0.9 0.3
5.09326 2.09049 1.64815 0.9 -0.6
5.18952 2.35869 1.46343 0.9 0.6
5.10135 2.62966 1.64815 0.9 0.3
5.02782 2.89271 1.73167 0.9 -0.6
5.10137 3.16801 1.54695 0.9 0.3
5.0548 3.43714 1.63047 0.9 -0.6
5.15579 3.7036 1.44575 0.9 0.6
5.07242 3.97609 1.63047 0.9 -0.6
5.17341 4.24254 1.44575 0.9 0.6
5.09004 4.51503 1.63047 0.9 -0.6
5.19103 4.78149 1.44575 0.9 0.6
5.10766 5.05397 1.63047 0.9 0.3
5.03879 5.31828 1.71399 0.9 -0.9
5.21527 5.58233 1.37375 0.9 -0.6
5.3806 5.81441 1.18903 0.9 -0.3
5.5296 6.04332 1.10551 0.9 -0.3
5.69716 6.25901 1.02199 0.9 -0.9
6.00153 6.34971 0.681748 0.9 -0.9
6.31871 6.33365 0.341505 -0.6 0.9
6.16933 6.18279 0.114677 0.6 -0.9
6.34909 6.06985 -0.112152 0.6 -0.9
6.49884 5.91937 -0.33898 0.9 -0.9
6.65095 5.64058 -0.679223 -0.9 0.9
6.34636 5.73051 -1.01947 0.9 -0.9
6.28918 5.41811 -1.35971 0.9 0.3
6.39713 5.16722 -1.27619 0.9 -0.9
6.2625 4.87957 -1.61643 0.9 0.3
6.3032 4.60949 -1.53291 0.9 -0.6
6.19643 4.3453 -1.71763 0.9 0.9
6.37194 4.08061 -1.37738 0.9 -0.6
6.30739 3.80307 -1.5621 0.9 -0.6
6.19295 3.5421 -1.74682 0.9 0.9
6.36067 3.27241 -1.40657 0.9 -0.6
6.28804 2.99687 -1.59129 0.9 0.3
6.33551 2.72789 -1.50777 0.9 -0.6
6.23542 2.4611 -1.69249 0.9 0.3
6.25548 2.1887 -1.60897 0.9 0.3
6.2982 1.91893 -1.52545 0.9 0.3
6.36327 1.65367 -1.44193 0.9 0.3
6.45025 1.39476 -1.3584 0.9 0.3
6.55852 1.144 -1.27488 0.9 0.3
6.68733 0.903154 -1.19136 0.9 0.3
6.83579 0.673892 -1.10784 0.9 0.9
7.13125 0.557427 -0.7676 0.9 0.9
7.44864 0.546239 -0.427357 0.9 0.9
7.75158 0.641611 -0.0871143 -0.9 -0.9
7.46976 0.788052 0.253128 0.9 0.9
7.64522 1.05278 0.593371 0.9 0.9
7.72227 1.36088 0.933614 0.9 0.9
7.69208 1.67703 1.27386 0.9 0.3
7.71982 1.94875 1.35738 0.9 0.6
7.66083 2.22753 1.54209 0.9 -0.6
7.78494 2.48403 1.35738 0.9 0.6
7.72595 2.76281 1.54209 0.9 0.3
7.68068 3.03217 1.62562 0.9 -0.6
7.78296 3.29813 1.4409 0.9 0.6
7.70092 3.57102 1.62562 0.9 0.3
7.63334 3.83566 1.70914 0.9 -0.6
7.71307 4.10923 1.52442 0.9 0.3
7.67257 4.37934 1.60794 0.9 -0.6
7.77954 4.64345 1.42322 0.9 0.6
7.70233 4.91775 1.60794 0.9 0.3
7.63944 5.18354 1.69146 0.9 -0.6
7.724 5.45566 1.50674 0.9 0.3
7.68827 5.72644 1.59026 0.9 -0.6
7.79989 5.98863 1.40555 0.9 0.6
7.72754 6.26425 1.59026 0.9 0.3
7.66936 6.53111 1.67379 0.9 -0.6
7.75871 6.80169 1.48907 0.9 0.6
7.66363 7.07031 1.67379 0.9 -0.6
7.75298 7.34089 1.48907 0.9 0.6
7.65789 7.60951 1.67379 0.9 -0.6
7.74725 7.88009 1.48907 0.9 0.6
7.65216 8.14871 1.67379 0.9 -0.6
7.74152 8.41929 1.48907 0.9 -0.6
7.87905 8.66886 1.30435 0.9 -0.6
8.06008 8.88892 1.11963 0.9 -0.3
8.22459 9.10695 1.03611 0.9 -0.9
8.52764 9.20195 0.695871 0.9 -0.6
8.80197 9.27903 0.511154 0.9 -0.9
9.11182 9.20934 0.170911 0.9 -0.9
9.38065 9.04026 -0.169332 0.9 -0.6
9.61723 8.88141 -0.354048 0.9 -0.9
9.76512 8.60036 -0.694291 0.9 -0.9
9.81074 8.28607 -1.03453 0.6 -0.9
9.78124 8.07583 -1.26136 0.9 -0.9
9.65089 7.78622 -1.60161 0.6 -0.9
9.51308 7.62474 -1.82843 -0.9 0.9
9.4705 7.93946 -2.16868 0.9 -0.6
9.22771 7.79028 -2.35339 0.9 -0.6
8.96165 7.68824 -2.53811 0.9 0.9
8.88772 7.37937 -2.19787 0.9 0.9
8.9211 7.06354 -1.85762 0.9 0.9
9.05796 6.77696 -1.51738 0.6 0.9
9.19939 6.61863 -1.29055 0.9 0.9
9.46877 6.45042 -0.950311 0.9 0.6
9.71487 6.30677 -0.765594 0.9 -0.9
9.73798 5.99002 -1.10584 0.9 -0.9
9.65406 5.68372 -1.44608 0.6 -0.9
9.54293 5.50284 -1.67291 0.6 -0.9
9.39396 5.35158 -1.89974 0.6 -0.9
9.2148 5.2377 -2.12656 0.9 -0.6
8.97851 5.07844 -2.31128 0.6 0.9
8.96476 4.86659 -2.08445 0.9 0.3
8.87924 4.60719 -2.00093 0.9 0.9
8.97377 4.30399 -1.66069 0.6 0.9
9.09114 4.12709 -1.43386 0.6 0.9
9.24528 3.98111 -1.20703 -0.9 -0.9
9.25428 4.29858 -0.86679 0.9 0.6
9.5115 4.17596 -0.682073 0.9 -0.9
9.56096 3.86224 -1.02232 0.9 -0.6
9.59692 3.57957 -1.20703 0.9 -0.3
9.64274 3.3103 -1.29055 0.9 -0.9
9.50399 3.02463 -1.6308 0.6 -0.9
9.36153 2.86723 -1.85762 -0.9 0.9
9.32815 3.18306 -2.19787 0.9 -0.6
9.08111 3.04104 -2.38258 0.9 0.6
8.97282 2.77746 -2.19787 0.9 0.3
8.8585 2.52941 -2.11435 0.9 0.9
8.9181 2.21746 -1.7741 0.9 0.9
9.0784 1.94329 -1.43386 0.9 0.9
9.321 1.73833 -1.09362 0.9 -0.9
9.24083 1.43103 -1.43386 0.9 0.3
9.32989 1.17283 -1.35034 0.9 -0.6
9.27286 0.893639 -1.53506 0.9 0.3
9.33538 0.62776 -1.45154 0.9 -0.6
