0.6 3 0.6 3 0 17 -0.9 5 -0.9 5 44373 0
0.306516 2 0.721367 4 0.340243 19 0.9 4 0.9 5 49625 48
0.458271 2 1.00035 5 0.680485 20 0.9 5 0.9 6 52277 48
0.508225 3 1.31399 7 1.02073 22 0.9 5 0.9 7 57582 48
0.45065 2 1.62631 8 1.36097 24 0.9 5 0.6 8 62834 41
0.390656 2 1.90488 10 1.54569 25 0.9 4 0.3 9 65537 34
0.344419 2 2.17407 11 1.62921 25 0.9 4 0.3 10 65588 34
0.275887 1 2.43846 12 1.71273 26 0.9 4 -0.6 11 68239 13
0.35464 2 2.71232 14 1.52801 25 0.9 4 0.3 12 65741 34
0.313168 2 2.98228 15 1.61153 25 0.9 4 0.3 13 65792 34
0.249319 1 3.24785 16 1.69505 25 0.9 4 -0.6 14 65842 13
0.3329 2 3.52027 18 1.51034 25 0.9 4 0.3 15 65945 34
0.296206 1 3.79092 19 1.59386 25 0.9 4 -0.6 16 65995 13
0.406881 2 4.0535 20 1.40914 24 0.9 4 0.6 17 63446 41
0.333544 2 4.32886 22 1.59386 25 0.9 4 0.3 17 66149 34
0.274399 1 4.59551 23 1.67738 25 0.9 4 -0.6 18 66199 13
0.362782 2 4.86641 24 1.49266 24 0.9 4 0.6 19 63650 41
0.266729 1 5.13469 26 1.67738 25 0.9 4 -0.6 20 66352 13
0.355112 2 5.40559 27 1.49266 24 0.9 4 0.6 21 63803 41
0.259059 1 5.67387 28 1.67738 25 0.9 4 -0.6 22 66454 13
0.347442 2 5.94477 30 1.49266 24 0.9 4 0.6 23 63956 41
0.251389 1 6.21304 31 1.67738 25 0.9 4 -0.6 24 66607 13
0.339772 2 6.48395 32 1.49266 24 0.9 4 0.6 25 64058 41
0.24372 1 6.75222 34 1.67738 25 0.9 4 -0.6 26 66760 13
0.332103 2 7.02312 35 1.49266 24 0.9 4 0.6 26 64211 41
0.23605 1 7.2914 36 1.67738 25 0.9 4 -0.6 27 66862 13
0.324433 2 7.5623 38 1.49266 24 0.9 4 0.6 28 64364 41
0.22838 1 7.83058 39 1.67738 25 0.9 4 -0.6 29 67015 13
0.316763 2 8.10148 41 1.49266 24 0.9 4 -0.6 30 64517 13
0.453399 2 8.35154 42 1.30794 24 0.9 5 -0.6 31 64568 13
0.633638 3 8.57225 43 1.12323 23 0.9 5 0.9 32 62019 48
0.544407 3 8.87704 44 1.46347 24 0.9 5 -0.6 33 64671 13
0.688283 3 9.12301 46 1.27875 23 0.9 5 -0.9 33 62172 6
0.959633 5 9.28803 46 0.938511 22 0.9 6 -0.9 34 59573 6
1.2705 6 9.35304 47 0.598268 20 0.9 7 -0.9 34 54423 6
1.58523 8 9.31058 47 0.258025 18 -0.6 8 0.9 34 49223 43
1.4238 7 9.1727 46 0.031197 17 0.6 8 -0.9 34 46570 5
1.59352 8 9.04516 45 -0.195631 16 0.6 8 -0.9 33 43919 5
1.7302 9 8.88272 44 -0.42246 15 -0.9 9 0.9 33 41268 42
1.41276 7 8.89236 44 -0.762703 13 0.9 8 -0.6 33 36064 13
1.52008 8 8.62838 43 -0.94742 12 0.9 8 -0.9 32 33413 6
1.48553 7 8.31268 42 -1.28766 11 0.9 8 0.3 31 30760 34
1.61126 8 8.07021 40 -1.20414 11 0.9 8 -0.9 30 30659 6
1.49768 7 7.77362 39 -1.54438 9 0.9 8 0.3 29 25405 34
1.55772 8 7.50717 38 -1.46086 10 0.9 8 -0.6 28 27956 13
1.47025 7 7.23597 36 -1.64558 9 0.9 8 0.3 27 25252 34
1.50306 8 6.96482 35 -1.56206 9 0.9 8 -0.6 26 25202 13
1.38864 7 6.70385 34 -1.74678 8 0.9 8 0.9 25 22549 48
1.55636 8 6.43416 32 -1.40653 10 0.9 8 0.3 24 27650 34
1.65244 8 6.17849 31 -1.32301 10 0.9 9 0.3 24 27599 34
1.76952 9 5.93172 30 -1.23949 11 0.9 9 0.3 23 30150 34
1.90678 10 5.69559 28 -1.15597 11 0.9 9 0.9 22 30049 48
2.19629 11 5.56504 28 -0.815729 13 0.9 10 0.9 22 35252 48
2.51278 13 5.5386 28 -0.475486 15 0.9 11 0.9 21 40456 48
2.81995 14 5.61928 28 -0.135243 16 0.9 12 0.9 22 43058 48
3.08258 15 5.79785 29 0.204999 18 -0.9 13 -0.9 22 48312 0
2.77054 14 5.85693 29 0.545242 20 0.9 12 0.9 23 53513 48
2.86232 14 6.16097 31 0.885485 21 0.9 13 0.9 24 56216 48
2.84738 14 6.47821 32 1.22573 23 0.9 12 0.9 25 61469 48
2.72743 14 6.77227 34 1.56597 25 0.9 12 0.3 26 66773 34
2.67575 13 7.04047 35 1.64949 25 0.9 12 -0.6 26 66823 13
2.77165 14 7.3088 37 1.46477 24 0.9 12 0.6 27 64325 41
2.68312 13 7.57965 38 1.64949 25 0.9 12 -0.6 28 66976 13
2.77902 14 7.84798 39 1.46477 24 0.9 12 0.6 29 64427 41
2.69048 13 8.11883 41 1.64949 25 0.9 12 -0.6 30 67129 13
2.78639 14 8.38716 42 1.46477 24 0.9 12 -0.6 31 64580 13
2.92994 15 8.63332 43 1.28006 23 0.9 13 0.9 32 62031 48
2.7942 14 8.92044 45 1.6203 25 0.9 12 -0.9 33 67334 6
2.9946 15 9.16681 46 1.28006 23 0.9 13 -0.9 34 62184 6
3.26574 16 9.33219 47 0.939814 22 0.9 14 -0.9 34 59635 6
3.57652 18 9.3976 47 0.599572 20 0.9 15 -0.9 34 54435 6
3.89131 19 9.35555 47 0.259329 18 -0.6 16 0.9 34 49234 43
3.73006 19 9.21746 46 0.0325005 17 0.6 15 -0.9 34 46582 5
3.89994 19 9.09015 45 -0.194328 16 0.9 16 -0.9 33 43930 6
4.09064 20 8.83619 44 -0.534571 14 0.9 17 -0.9 32 38678 6
4.18567 21 8.53315 43 -0.874813 13 0.9 17 -0.9 31 36027 6
4.17412 21 8.21577 41 -1.21506 11 0.9 17 -0.9 30 30723 6
4.05731 20 7.92044 40 -1.5553 9 0.9 17 -0.6 29 25469 13
3.94466 20 7.6587 38 -1.74002 8 0.9 16 -0.3 29 22766 20
3.84731 19 7.40351 37 -1.82354 8 0.9 16 0.9 28 22714 48
3.99386 20 7.12176 36 -1.48329 10 0.9 16 -0.6 27 27866 13
3.90032 20 6.85259 34 -1.66801 9 0.9 16 -0.6 26 25163 13
3.75894 19 6.60518 33 -1.85273 8 0.9 16 0.9 25 22510 48
3.8972 19 6.31927 32 -1.51248 9 0.9 16 0.3 24 25060 34
3.96571 20 6.05487 30 -1.42896 10 0.9 16 -0.6 23 27560 13
3.88693 19 5.78102 29 -1.61368 9 0.9 16 0.3 22 24907 34
3.92837 20 5.51106 28 -1.53016 9 0.9 16 -0.6 21 24857 13
3.82233 19 5.24657 26 -1.71488 8 0.9 16 0.9 20 22153 48
3.99857 20 4.98237 25 -1.37463 10 0.9 16 -0.6 20 27305 13
3.93478 20 4.70465 24 -1.55935 9 0.9 16 -0.6 19 24653 13
3.82106 19 4.44337 22 -1.74407 8 0.9 16 0.9 18 21949 48
3.98952 20 4.17413 21 -1.40383 10 0.9 16 -0.6 17 27101 13
3.91764 20 3.89839 19 -1.58854 9 0.9 16 -0.6 16 24398 13
3.79635 19 3.64054 18 -1.77326 8 0.9 16 0.9 15 21745 48
3.95687 20 3.36651 17 -1.43302 10 0.9 16 -0.6 14 26897 13
3.87698 19 3.09298 15 -1.61773 9 0.9 16 0.3 13 24193 34
3.91733 20 2.82285 14 -1.53421 9 0.9 16 -0.6 12 24143 13
3.81022 19 2.55879 13 -1.71893 8 0.9 16 0.9 12 21490 48
3.98539 20 2.29388 11 -1.37869 10 0.9 16 -0.6 11 26591 13
3.92047 20 2.01642 10 -1.5634 9 0.9 16 -0.6 10 23939 13
3.80569 19 1.7556 9 -1.74812 8 0.9 16 0.9 9 21286 48
3.97306 20 1.48569 7 -1.40788 10 0.9 16 0.3 8 26387 34
4.06879 20 1.22989 6 -1.32436 10 0.9 17 0.3 7 26336 34
4.18554 21 0.982968 5 -1.24084 11 0.9 17 0.3 6 28887 34
4.32248 22 0.746644 4 -1.15732 11 0.9 17 0.9 5 28837 48
4.61182 23 0.61571 3 -0.817073 13 0.9 18 0.9 5 33989 48
4.92827 25 0.58884 3 -0.476831 15 0.9 19 0.9 5 39193 48
5.23554 26 0.669114 3 -0.136588 16 0.9 20 0.9 5 41795 48
5.49842 27 0.84733 4 0.203655 18 -0.9 21 -0.9 6 47049 0
5.18645 26 0.906831 5 0.543898 20 0.9 20 0.9 6 52301 48
5.27865 26 1.21074 6 0.88414 21 0.9 21 0.9 7 54953 48
5.26413 26 1.528 8 1.22438 23 0.9 21 0.9 8 60257 48
5.14458 26 1.82223 9 1.56463 25 0.9 20 0.3 9 65510 34
5.09326 25 2.09049 10 1.64815 25 0.9 20 -0.6 10 65560 13
5.18952 26 2.35869 12 1.46343 24 0.9 20 0.6 11 63062 41
5.10135 26 2.62966 13 1.64815 25 0.9 20 0.3 12 65714 34
5.02782 25 2.89271 14 1.73167 26 0.9 20 -0.6 13 68365 13
5.10137 26 3.16801 16 1.54695 25 0.9 20 0.3 14 65867 34
5.0548 25 3.43714 17 1.63047 25 0.9 20 -0.6 14 65917 13
5.15579 26 3.7036 19 1.44575 24 0.9 20 0.6 15 63419 41
5.07242 25 3.97609 20 1.63047 25 0.9 20 -0.6 16 66070 13
5.17341 26 4.24254 21 1.44575 24 0.9 20 0.6 17 63521 41
5.09004 25 4.51503 23 1.63047 25 0.9 20 -0.6 18 66223 13
5.19103 26 4.78149 24 1.44575 24 0.9 20 0.6 19 63674 41
5.10766 26 5.05397 25 1.63047 25 0.9 20 0.3 20 66326 34
5.03879 25 5.31828 27 1.71399 26 0.9 20 -0.9 21 69028 6
5.21527 26 5.58233 28 1.37375 24 0.9 20 -0.6 22 63878 13
5.3806 27 5.81441 29 1.18903 23 0.9 21 -0.3 22 61329 20
5.5296 28 6.04332 30 1.10551 23 0.9 21 -0.3 23 61381 20
5.69716 28 6.25901 31 1.02199 22 0.9 22 -0.9 24 58831 6
6.00153 30 6.34971 32 0.681748 20 0.9 23 -0.9 24 53682 6
6.31871 32 6.33365 32 0.341505 19 -0.6 24 0.9 24 51083 43
6.16933 31 6.18279 31 0.114677 18 0.6 24 -0.9 24 48430 5
6.34909 32 6.06985 30 -0.112152 16 0.6 24 -0.9 23 43178 5
6.49884 32 5.91937 30 -0.33898 15 0.9 25 -0.9 23 40577 6
6.65095 33 5.64058 28 -0.679223 14 -0.9 25 0.9 22 37875 42
6.34636 32 5.73051 29 -1.01947 12 0.9 24 -0.9 22 32723 6
6.28918 31 5.41811 27 -1.35971 10 0.9 24 0.3 21 27418 34
6.39713 32 5.16722 26 -1.27619 11 0.9 24 -0.9 20 29969 6
6.2625 31 4.87957 24 -1.61643 9 0.9 24 0.3 19 24664 34
6.3032 32 4.60949 23 -1.53291 9 0.9 24 -0.6 18 24614 13
6.19643 31 4.3453 22 -1.71763 8 0.9 24 0.9 17 21961 48
6.37194 32 4.08061 20 -1.37738 10 0.9 24 -0.6 17 27062 13
6.30739 32 3.80307 19 -1.5621 9 0.9 24 -0.6 16 24410 13
6.19295 31 3.5421 18 -1.74682 8 0.9 24 0.9 15 21757 48
6.36067 32 3.27241 16 -1.40657 10 0.9 24 -0.6 14 26858 13
6.28804 31 2.99687 15 -1.59129 9 0.9 24 0.3 13 24205 34
6.33551 32 2.72789 14 -1.50777 9 0.9 24 -0.6 12 24155 13
6.23542 31 2.4611 12 -1.69249 9 0.9 24 0.3 11 24052 34
6.25548 31 2.1887 11 -1.60897 9 0.9 24 0.3 10 24001 34
6.2982 31 1.91893 10 -1.52545 9 0.9 24 0.3 9 23950 34
6.36327 32 1.65367 8 -1.44193 10 0.9 24 0.3 9 26450 34
6.45025 32 1.39476 7 -1.3584 10 0.9 25 0.3 8 26399 34
6.55852 33 1.144 6 -1.27488 11 0.9 25 0.3 7 28950 34
6.68733 33 0.903154 5 -1.19136 11 0.9 25 0.3 6 28899 34
6.83579 34 0.673892 3 -1.10784 11 0.9 26 0.9 5 28798 48
7.13125 36 0.557427 3 -0.7676 13 0.9 27 0.9 5 34002 48
7.44864 37 0.546239 3 -0.427357 15 0.9 28 0.9 5 39205 48
7.75158 39 0.641611 3 -0.0871143 17 -0.9 29 -0.9 5 44409 0
7.46976 37 0.788052 4 0.253128 18 0.9 28 0.9 6 47059 48
7.64522 38 1.05278 5 0.593371 20 0.9 28 0.9 7 52313 48
7.72227 39 1.36088 7 0.933614 22 0.9 29 0.9 8 57618 48
7.69208 38 1.67703 8 1.27386 23 0.9 29 0.3 9 60269 34
7.71982 39 1.94875 10 1.35738 24 0.9 29 0.6 9 62973 41
7.66083 38 2.22753 11 1.54209 25 0.9 29 -0.6 10 65624 13
7.78494 39 2.48403 12 1.35738 24 0.9 29 0.6 11 63075 41
7.72595 39 2.76281 14 1.54209 25 0.9 29 0.3 12 65778 34
7.68068 38 3.03217 15 1.62562 25 0.9 29 -0.6 13 65828 13
7.78296 39 3.29813 16 1.4409 24 0.9 29 0.6 14 63279 41
7.70092 39 3.57102 18 1.62562 25 0.9 29 0.3 15 65982 34
7.63334 38 3.83566 19 1.70914 26 0.9 28 -0.6 16 68633 13
7.71307 39 4.10923 21 1.52442 25 0.9 29 0.3 17 66135 34
7.67257 38 4.37934 22 1.60794 25 0.9 29 -0.6 18 66185 13
7.77954 39 4.64345 23 1.42322 24 0.9 29 0.6 18 63636 41
7.70233 39 4.91775 25 1.60794 25 0.9 29 0.3 19 66339 34
7.63944 38 5.18354 26 1.69146 25 0.9 28 -0.6 20 66389 13
7.724 39 5.45566 27 1.50674 25 0.9 29 0.3 21 66441 34
7.68827 38 5.72644 29 1.59026 25 0.9 29 -0.6 22 66542 13
7.79989 39 5.98863 30 1.40555 24 0.9 29 0.6 23 63993 41
7.72754 39 6.26425 31 1.59026 25 0.9 29 0.3 24 66645 34
7.66936 38 6.53111 33 1.67379 25 0.9 29 -0.6 25 66746 13
7.75871 39 6.80169 34 1.48907 24 0.9 29 0.6 26 64197 41
7.66363 38 7.07031 35 1.67379 25 0.9 29 -0.6 27 66848 13
7.75298 39 7.34089 37 1.48907 24 0.9 29 0.6 27 64350 41
7.65789 38 7.60951 38 1.67379 25 0.9 29 -0.6 28 67001 13
7.74725 39 7.88009 39 1.48907 24 0.9 29 0.6 29 64452 41
7.65216 38 8.14871 41 1.67379 25 0.9 29 -0.6 30 67154 13
7.74152 39 8.41929 42 1.48907 24 0.9 29 -0.6 31 64605 13
7.87905 39 8.66886 43 1.30435 24 0.9 29 -0.6 32 64656 13
8.06008 40 8.88892 44 1.11963 23 0.9 30 -0.3 33 62107 20
8.22459 41 9.10695 46 1.03611 22 0.9 30 -0.9 33 59609 6
8.52764 43 9.20195 46 0.695871 20 0.9 31 -0.6 34 54409 13
8.80197 44 9.27903 46 0.511154 20 0.9 32 -0.9 34 54410 6
9.11182 46 9.20934 46 0.170911 18 0.9 33 -0.9 34 49210 6
9.38065 47 9.04026 45 -0.169332 16 0.9 34 -0.6 33 43958 13
9.61723 48 8.88141 44 -0.354048 15 0.9 35 -0.9 33 41307 6
9.76512 49 8.60036 43 -0.694291 14 0.9 36 -0.9 32 38656 6
9.81074 49 8.28607 41 -1.03453 12 0.6 36 -0.9 31 33352 5
9.78124 49 8.07583 40 -1.26136 11 0.9 36 -0.9 30 30700 6
9.65089 48 7.78622 39 -1.60161 9 0.6 35 -0.9 29 25446 5
9.51308 48 7.62474 38 -1.82843 8 -0.9 35 0.9 28 22794 42
9.4705 47 7.93946 40 -2.16868 6 0.9 35 -0.6 29 17693 13
9.22771 46 7.79028 39 -2.35339 5 0.9 34 -0.6 29 15040 13
8.96165 45 7.68824 38 -2.53811 4 0.9 33 0.9 29 12387 48
8.88772 44 7.37937 37 -2.19787 6 0.9 33 0.9 28 17537 48
8.9211 45 7.06354 35 -1.85762 8 0.9 33 0.9 27 22638 48
9.05796 45 6.77696 34 -1.51738 9 0.6 33 0.9 26 25188 47
9.19939 46 6.61863 33 -1.29055 11 0.9 34 0.9 25 30340 48
9.46877 47 6.45042 32 -0.950311 12 0.9 35 0.6 25 32891 41
9.71487 49 6.30677 32 -0.765594 13 0.9 35 -0.9 24 35494 6
9.73798 49 5.99002 30 -1.10584 11 0.9 35 -0.9 23 30190 6
9.65406 48 5.68372 28 -1.44608 10 0.6 35 -0.9 22 27486 5
9.54293 48 5.50284 28 -1.67291 9 0.6 35 -0.9 21 24885 5
9.39396 47 5.35158 27 -1.89974 8 0.6 34 -0.9 21 22232 5
9.2148 46 5.2377 26 -2.12656 6 0.9 34 -0.6 20 16978 13
8.97851 45 5.07844 25 -2.31128 5 0.6 33 0.9 20 14325 47
8.96476 45 4.86659 24 -2.08445 7 0.9 33 0.3 19 19476 34
8.87924 44 4.60719 23 -2.00093 7 0.9 33 0.9 18 19424 48
8.97377 45 4.30399 22 -1.66069 9 0.6 33 0.9 17 24576 47
9.09114 45 4.12709 21 -1.43386 10 0.6 33 0.9 17 27126 47
9.24528 46 3.98111 20 -1.20703 11 -0.9 34 -0.9 16 29677 0
9.25428 46 4.29858 21 -0.86679 13 0.9 34 0.6 17 34930 41
9.5115 48 4.17596 21 -0.682073 14 0.9 35 -0.9 17 37533 6
9.56096 48 3.86224 19 -1.02232 12 0.9 35 -0.6 16 32229 13
9.59692 48 3.57957 18 -1.20703 11 0.9 35 -0.3 15 29577 20
9.64274 48 3.3103 17 -1.29055 11 0.9 35 -0.9 14 29526 6
9.50399 48 3.02463 15 -1.6308 9 0.6 35 -0.9 13 24222 5
9.36153 47 2.86723 14 -1.85762 8 -0.9 34 0.9 13 21569 42
9.32815 47 3.18306 16 -2.19787 6 0.9 34 -0.6 14 16469 13
9.08111 45 3.04104 15 -2.38258 5 0.9 33 0.6 13 13815 41
8.97282 45 2.77746 14 -2.19787 6 0.9 33 0.3 12 16365 34
8.8585 44 2.52941 13 -2.11435 6 0.9 33 0.9 11 16313 48
8.9181 45 2.21746 11 -1.7741 8 0.9 33 0.9 10 21414 48
9.0784 45 1.94329 10 -1.43386 10 0.9 33 0.9 9 26565 48
9.321 47 1.73833 9 -1.09362 12 0.9 34 -0.9 9 31718 6
9.24083 46 1.43103 7 -1.43386 10 0.9 34 0.3 8 26413 34
9.32989 47 1.17283 6 -1.35034 10 0.9 34 -0.6 7 26363 13
9.27286 46 0.893639 4 -1.53506 9 0.9 34 0.3 6 23659 34
9.33538 47 0.62776 3 -1.45154 10 0.9 34 -0.6 5 26210 13
