3 3 17 5 5 
2 4 19 4 5 
2 5 20 5 6 
3 7 22 5 7 
2 8 24 5 8 
2 10 25 4 9 
2 11 25 4 10 
1 12 26 4 11 
2 14 25 4 12 
2 15 25 4 13 
1 16 25 4 14 
2 18 25 4 15 
1 19 25 4 16 
2 20 24 4 17 
2 22 25 4 17 
1 23 25 4 18 
2 24 24 4 19 
1 26 25 4 20 
2 27 24 4 21 
1 28 25 4 22 
2 30 24 4 23 
1 31 25 4 24 
2 32 24 4 25 
1 34 25 4 26 
2 35 24 4 26 
1 36 25 4 27 
2 38 24 4 28 
1 39 25 4 29 
2 41 24 4 30 
2 42 24 5 31 
3 43 23 5 32 
3 44 24 5 33 
3 46 23 5 33 
5 46 22 6 34 
6 47 20 7 34 
8 47 18 8 34 
7 46 17 8 34 
8 45 16 8 33 
9 44 15 9 33 
7 44 13 8 33 
8 43 12 8 32 
7 42 11 8 31 
8 40 11 8 30 
7 39 9 8 29 
8 38 10 8 28 
7 36 9 8 27 
8 35 9 8 26 
7 34 8 8 25 
8 32 10 8 24 
8 31 10 9 24 
9 30 11 9 23 
10 28 11 9 22 
11 28 13 10 22 
13 28 15 11 21 
14 28 16 12 22 
15 29 18 13 22 
14 29 20 12 23 
14 31 21 13 24 
14 32 23 12 25 
14 34 25 12 26 
13 35 25 12 26 
14 37 24 12 27 
13 38 25 12 28 
14 39 24 12 29 
13 41 25 12 30 
14 42 24 12 31 
15 43 23 13 32 
14 45 25 12 33 
15 46 23 13 34 
16 47 22 14 34 
18 47 20 15 34 
19 47 18 16 34 
19 46 17 15 34 
19 45 16 16 33 
20 44 14 17 32 
21 43 13 17 31 
21 41 11 17 30 
20 40 9 17 29 
20 38 8 16 29 
19 37 8 16 28 
20 36 10 16 27 
20 34 9 16 26 
19 33 8 16 25 
19 32 9 16 24 
20 30 10 16 23 
19 29 9 16 22 
20 28 9 16 21 
19 26 8 16 20 
20 25 10 16 20 
20 24 9 16 19 
19 22 8 16 18 
20 21 10 16 17 
20 19 9 16 16 
19 18 8 16 15 
20 17 10 16 14 
19 15 9 16 13 
20 14 9 16 12 
19 13 8 16 12 
20 11 10 16 11 
20 10 9 16 10 
19 9 8 16 9 
20 7 10 16 8 
20 6 10 17 7 
21 5 11 17 6 
22 4 11 17 5 
23 3 13 18 5 
25 3 15 19 5 
26 3 16 20 5 
27 4 18 21 6 
26 5 20 20 6 
26 6 21 21 7 
26 8 23 21 8 
26 9 25 20 9 
25 10 25 20 10 
26 12 24 20 11 
26 13 25 20 12 
25 14 26 20 13 
26 16 25 20 14 
25 17 25 20 14 
26 19 24 20 15 
25 20 25 20 16 
26 21 24 20 17 
25 23 25 20 18 
26 24 24 20 19 
26 25 25 20 20 
25 27 26 20 21 
26 28 24 20 22 
27 29 23 21 22 
28 30 23 21 23 
28 31 22 22 24 
30 32 20 23 24 
32 32 19 24 24 
31 31 18 24 24 
32 30 16 24 23 
32 30 15 25 23 
33 28 14 25 22 
32 29 12 24 22 
31 27 10 24 21 
32 26 11 24 20 
31 24 9 24 19 
32 23 9 24 18 
31 22 8 24 17 
32 20 10 24 17 
32 19 9 24 16 
31 18 8 24 15 
32 16 10 24 14 
31 15 9 24 13 
32 14 9 24 12 
31 12 9 24 11 
31 11 9 24 10 
31 10 9 24 9 
32 8 10 24 9 
32 7 10 25 8 
33 6 11 25 7 
33 5 11 25 6 
34 3 11 26 5 
36 3 13 27 5 
37 3 15 28 5 
39 3 17 29 5 
37 4 18 28 6 
38 5 20 28 7 
39 7 22 29 8 
38 8 23 29 9 
39 10 24 29 9 
38 11 25 29 10 
39 12 24 29 11 
39 14 25 29 12 
38 15 25 29 13 
39 16 24 29 14 
39 18 25 29 15 
38 19 26 28 16 
39 21 25 29 17 
38 22 25 29 18 
39 23 24 29 18 
39 25 25 29 19 
38 26 25 28 20 
39 27 25 29 21 
38 29 25 29 22 
39 30 24 29 23 
39 31 25 29 24 
38 33 25 29 25 
39 34 24 29 26 
38 35 25 29 27 
39 37 24 29 27 
38 38 25 29 28 
39 39 24 29 29 
38 41 25 29 30 
39 42 24 29 31 
39 43 24 29 32 
40 44 23 30 33 
41 46 22 30 33 
43 46 20 31 34 
44 46 20 32 34 
46 46 18 33 34 
47 45 16 34 33 
48 44 15 35 33 
49 43 14 36 32 
49 41 12 36 31 
49 40 11 36 30 
48 39 9 35 29 
48 38 8 35 28 
47 40 6 35 29 
46 39 5 34 29 
45 38 4 33 29 
44 37 6 33 28 
45 35 8 33 27 
45 34 9 33 26 
46 33 11 34 25 
47 32 12 35 25 
49 32 13 35 24 
49 30 11 35 23 
48 28 10 35 22 
48 28 9 35 21 
47 27 8 34 21 
46 26 6 34 20 
45 25 5 33 20 
45 24 7 33 19 
44 23 7 33 18 
45 22 9 33 17 
45 21 10 33 17 
46 20 11 34 16 
46 21 13 34 17 
48 21 14 35 17 
48 19 12 35 16 
48 18 11 35 15 
48 17 11 35 14 
48 15 9 35 13 
47 14 8 34 13 
47 16 6 34 14 
45 15 5 33 13 
45 14 6 33 12 
44 13 6 33 11 
45 11 8 33 10 
45 10 10 33 9 
47 9 12 34 9 
46 7 10 34 8 
47 6 10 34 7 
46 4 9 34 6 
47 3 10 34 5 
