1.35 40 5.755 61 1 0 4981 0
1.50477 71 5.71424 53 2 1 4364 1
1.46809 64 5.72641 55 2 1 4519 1
1.43136 56 5.73719 57 2 1 4673 1
1.39463 49 5.74659 59 2 1 4828 1
1.35795 42 5.75463 61 1 0 4983 0
1.51265 73 5.71387 53 2 1 4366 1
1.4759 65 5.72632 55 2 1 4520 1
1.4391 58 5.73737 57 2 1 4675 1
1.40229 50 5.74705 59 2 1 4829 1
1.36552 43 5.75535 61 1 0 4984 0
1.52016 74 5.71459 53 2 1 4367 1
1.48332 67 5.7273 55 2 1 4522 1
1.44641 59 5.73861 58 2 1 4757 1
1.40949 52 5.74853 60 2 1 4912 1
1.3726 45 5.75707 61 1 0 4986 0
1.52718 75 5.7163 53 2 1 4368 1
1.49021 68 5.72924 56 2 1 4604 1
1.45318 61 5.74078 58 2 1 4759 1
1.41612 53 5.75092 60 2 1 4913 1
1.37909 46 5.75968 62 1 0 5068 0
1.53362 77 5.71889 54 2 1 4451 1
1.4965 69 5.73204 56 2 1 4605 1
1.45931 62 5.74378 59 2 1 4841 1
1.42209 54 5.75411 61 2 1 4995 1
1.3849 47 5.76306 63 1 0 5150 0
1.53938 78 5.72225 54 2 1 4452 1
1.50209 70 5.73557 57 2 1 4687 1
1.46473 63 5.74748 59 2 1 4842 1
1.42734 55 5.75798 62 2 1 5077 1
1.38997 48 5.76708 63 1 0 5151 0
1.54441 79 5.72624 55 2 1 4534 1
1.50694 71 5.73971 58 2 1 4769 1
1.4694 64 5.75175 60 2 1 4924 1
1.43182 56 5.76239 62 2 1 5078 1
1.39426 49 5.77161 64 2 1 5233 1
1.35676 41 5.77944 66 1 0 5387 0
1.51148 72 5.73851 58 2 1 4770 1
1.47393 65 5.75073 60 2 1 4925 1
1.43634 57 5.76153 62 2 1 5079 1
1.39877 50 5.77092 64 2 1 5234 1
1.36124 42 5.77891 66 1 0 5388 0
1.51592 73 5.73799 58 2 1 4771 1
1.47835 66 5.75036 60 2 1 4926 1
1.44073 58 5.76132 62 2 1 5080 1
1.40312 51 5.77087 64 2 1 5235 1
1.36556 43 5.77902 66 1 0 5389 0
1.5202 74 5.73809 58 2 1 4772 1
1.48258 67 5.75062 60 2 1 4927 1
1.44491 59 5.76172 62 2 1 5081 1
1.40725 51 5.77141 64 2 1 5235 1
1.36963 44 5.77971 66 1 0 5390 0
1.52423 75 5.73877 58 2 1 4773 1
1.48655 67 5.75144 60 2 1 4927 1
1.44882 60 5.76268 63 2 1 5163 1
1.41108 52 5.7725 64 2 1 5236 1
1.37339 45 5.78092 66 1 0 5391 0
1.52797 76 5.73997 58 2 1 4774 1
1.49021 68 5.75276 61 2 1 5009 1
1.4524 60 5.76412 63 2 1 5163 1
1.41458 53 5.77406 65 2 1 5318 1
1.37681 45 5.78258 67 1 0 5472 0
1.53135 76 5.74163 58 2 1 4774 1
1.49351 69 5.75452 61 2 1 5010 1
1.45561 61 5.76598 63 2 1 5164 1
1.4177 54 5.77602 65 2 1 5319 1
1.37983 46 5.78464 67 1 0 5473 0
1.53435 77 5.74368 59 2 1 4856 1
1.49641 69 5.75666 61 2 1 5010 1
1.45841 62 5.7682 64 2 1 5246 1
1.4204 54 5.77832 66 2 1 5400 1
1.38242 46 5.78702 67 1 0 5473 0
1.53693 77 5.74604 59 2 1 4856 1
1.49888 70 5.75909 62 2 1 5092 1
1.46078 62 5.77071 64 2 1 5246 1
1.42266 55 5.78089 66 2 1 5401 1
1.38458 47 5.78965 68 1 0 5555 0
1.53907 78 5.74865 60 2 1 4938 1
1.50092 70 5.76176 62 2 1 5092 1
1.4627 63 5.77343 65 2 1 5328 1
1.42448 55 5.78366 67 2 1 5482 1
1.38629 47 5.79246 68 1 0 5555 0
1.54076 78 5.75144 60 2 1 4938 1
1.5025 71 5.76459 63 2 1 5174 1
1.46418 63 5.77629 65 2 1 5328 1
1.42585 55 5.78655 67 2 1 5482 1
1.38755 48 5.79538 69 1 0 5637 0
1.54201 78 5.75433 61 2 1 5019 1
1.50365 71 5.7675 64 2 1 5255 1
1.46522 63 5.77922 66 2 1 5409 1
1.42678 55 5.78949 68 2 1 5563 1
1.38838 48 5.79833 70 2 1 5718 1
1.35006 40 5.80575 71 1 0 5791 0
1.50483 71 5.76464 63 2 1 5174 1
1.46648 63 5.77642 65 2 1 5328 1
1.42812 56 5.78676 67 2 1 5483 1
1.3898 48 5.79567 69 1 0 5637 0
1.54424 79 5.75462 61 2 1 5020 1
1.50584 71 5.76787 64 2 1 5255 1
1.46738 63 5.77966 66 2 1 5409 1
